0.0,1.0471975511965976,0.5266269932097352,0,0.00586080586080584,30.0,4.043956043956058;0.0,0,-0.5937666895551992,0,-0.0019536019536019467,30.0,-0.1758241758241752
0.030526399612426758,1.0471975511965976,-0.18558785381856957,0,0.685714285714285,30.0,0.7384615384615358;0.030526399612426758,0,-0.5937666895551992,0,-0.0019536019536019467,30.0,-0.03516483516483504
0.06081390380859375,1.0471975511965976,-0.15621423666742906,0,1.2014652014652007,30.0,9.529670329670324;0.06081390380859375,0,-0.5937666895551992,0,0.009768009768009733,30.0,-0.31648351648351536
0.08650946617126465,1.0471975511965976,-0.11577782864118369,0,1.4476190476190478,30.0,7.9824175824175825;0.08650946617126465,0,-0.5937666895551992,0,-0.0019536019536019467,30.0,0.10549450549450512
0.1176764965057373,1.0471975511965976,-0.0745784695201035,0,1.7054945054945048,30.0,8.052747252747253;0.1176764965057373,0,-0.5937666895551992,0,-0.013675213675213627,30.0,-0.31648351648351536
0.14894556999206543,1.0471975511965976,-0.018883039597161755,0,1.8852258852258856,30.0,7.349450549450552;0.14894556999206543,0,-0.5937666895551992,0,-0.009768009768009733,30.0,-0.4571428571428555
0.18021321296691895,1.0471975511965976,0.04024567025253667,0,1.8774114774114778,30.0,7.419780219780222;0.18021321296691895,0,-0.5937666895551992,0,-0.0019536019536019467,30.0,0.03516483516483504
0.21176862716674805,1.0471975511965976,0.10204470893415696,0,2.096214896214896,30.0,6.08351648351649;0.21176862716674805,0,-0.5937666895551992,0,0.0019536019536019467,30.0,0.31648351648351536
0.2434086799621582,1.0471975511965976,0.16918440527962098,0,2.1509157509157504,30.0,5.3802197802197895;0.2434086799621582,0,-0.5937666895551992,0,-0.00586080586080584,30.0,0.31648351648351536
0.27473974227905273,1.0471975511965976,0.23517967498283276,0,2.088400488400488,30.0,4.043956043956058;0.27473974227905273,0,-0.5937666895551992,0,0.0019536019536019467,30.0,-0.03516483516483504
0.3065202236175537,1.0471975511965976,0.3004119935912115,0,2.0336996336996336,30.0,4.114285714285728;0.3065202236175537,0,-0.5937666895551992,0,-0.0019536019536019467,30.0,-0.31648351648351536
0.33848094940185547,1.0471975511965976,0.3656443121995885,0,2.0454212454212453,30.0,3.2703296703296587;0.33848094940185547,0,-0.5937666895551992,0,-0.021489621489621413,30.0,-0.03516483516483504
0.3706638813018799,1.0471975511965976,0.43087663080796546,0,2.096214896214896,30.0,3.340659340659329;0.3706638813018799,0,-0.5937666895551992,0,0.0019536019536019467,30.0,-0.1758241758241752
0.4020261764526367,1.0471975511965976,0.49725337605859465,0,1.9868131868131869,30.0,2.2153846153846075;0.4020261764526367,0,-0.5937666895551992,0,0.009768009768009733,30.0,-0.4571428571428555
0.4341549873352051,1.0471975511965976,0.5571450370031279,0,1.8578754578754584,30.0,2.567032967032958;0.4341549873352051,0,-0.5937666895551992,0,-0.00586080586080584,30.0,-0.31648351648351536
0.4656956195831299,1.0471975511965976,0.6139848935683219,0,1.662515262515262,30.0,1.793406593406587;0.4656956195831299,0,-0.5937666895551992,0,-0.0019536019536019467,30.0,0.03516483516483504
0.49780917167663574,1.0471975511965976,0.6639581902800025,0,1.4905982905982906,30.0,1.5120879120879067;0.49780917167663574,0,-0.5937666895551992,0,-0.00586080586080584,30.0,-0.38681318681318544
0.5292263031005859,1.0471975511965976,0.7082093537804219,0,1.2639804639804648,30.0,1.4417582417582366;0.5292263031005859,0,-0.5937666895551992,0,-0.00586080586080584,30.0,0.03516483516483504
0.5604526996612549,1.0471975511965976,0.7444495307850758,0,1.006105006105006,30.0,1.0197802197802162;0.5604526996612549,0,-0.5937666895551992,0,-0.009768009768009733,30.0,-0.5274725274725256
0.5918629169464111,1.0471975511965976,0.771915770199131,0,0.7873015873015881,30.0,0.9494505494505461;0.5918629169464111,0,-0.5937666895551992,0,0.0019536019536019467,30.0,-0.4571428571428555
0.6237354278564453,1.0471975511965976,0.7917524986648363,0,0.4825396825396826,30.0,1.3010989010988965;0.6237354278564453,0,-0.5937666895551992,0,-0.01758241758241752,30.0,-0.03516483516483504
0.6554064750671387,1.0471975511965976,0.8024338139925238,0,0.2090354090354083,30.0,1.3010989010988965;0.6554064750671387,0,-0.5937666895551992,0,-0.0019536019536019467,30.0,-0.10549450549450512
0.6871292591094971,1.0471975511965976,0.8051041428244456,0,-0.0293040293040292,30.0,1.5120879120879067;0.6871292591094971,0,-0.5937666895551992,0,0.00586080586080584,30.0,0.10549450549450512
0.719125509262085,1.0471975511965976,0.8051041428244456,0,-0.00586080586080584,30.0,1.3714285714285666;0.719125509262085,0,-0.5937666895551992,0,0.0019536019536019467,30.0,-0.10549450549450512
0.7507345676422119,1.0471975511965976,0.8043411917296108,0,-0.09572649572649539,30.0,1.723076923076917;0.7507345676422119,0,-0.5937666895551992,0,-0.0019536019536019467,30.0,-0.38681318681318544
0.7868924140930176,1.0471975511965976,0.7993820096131845,0,-0.15824175824175857,30.0,1.2307692307692264;0.7868924140930176,0,-0.5937666895551992,0,-0.0019536019536019467,30.0,-0.1758241758241752
0.8180468082427979,1.0471975511965976,0.7921339742122537,0,-0.28327228327228315,30.0,1.6527472527472469;0.8180468082427979,0,-0.5937666895551992,0,-0.0019536019536019467,30.0,0.10549450549450512
0.849524736404419,1.0471975511965976,0.7818341344319837,0,-0.3301587301587299,30.0,1.5824175824175768;0.849524736404419,0,-0.5937666895551992,0,-0.009768009768009733,30.0,0.03516483516483504
0.8817014694213867,1.0471975511965976,0.7715342946517136,0,-0.3731379731379727,30.0,2.2857142857142776;0.8817014694213867,0,-0.5937666895551992,0,-0.0019536019536019467,30.0,-0.5274725274725256
0.9134490489959717,1.0471975511965976,0.7566567483024347,0,-0.505982905982906,30.0,2.3560439560439477;0.9134490489959717,0,-0.5937666895551992,0,-0.00586080586080584,30.0,-0.31648351648351536
0.9447927474975586,1.0471975511965976,0.7410162508583191,0,-0.4981684981684982,30.0,3.0593406593406485;0.9447927474975586,0,-0.5937666895551992,0,-0.00586080586080584,30.0,-0.03516483516483504
0.9765784740447998,1.0471975511965976,0.7242313267719531,0,-0.5645909645909644,30.0,2.567032967032958;0.9765784740447998,0,-0.5937666895551992,0,-0.0019536019536019467,30.0,-0.31648351648351536
1.0079352855682373,1.0471975511965976,0.7070649271381697,0,-0.576312576312576,30.0,2.9186813186813083;1.0079352855682373,0,-0.5937666895551992,0,-0.013675213675213627,30.0,-0.10549450549450512
1.0391902923583984,1.0471975511965976,0.6883726253147167,0,-0.6231990231990228,30.0,2.8483516483516382;1.0391902923583984,0,-0.5937666895551992,0,-0.0019536019536019467,30.0,-0.24615384615384528
1.0706043243408203,1.0471975511965976,0.6692988479438462,0,-0.5880341880341877,30.0,3.9032967032966894;1.0706043243408203,0,-0.5937666895551992,0,-0.013675213675213627,30.0,-0.4571428571428555
1.1023714542388916,1.0471975511965976,0.6509880216678106,0,-0.576312576312576,30.0,3.410989010988999;1.1023714542388916,0,-0.5937666895551992,0,-0.00586080586080584,30.0,0.03516483516483504
1.1341161727905273,1.0471975511965976,0.6330586709391923,0,-0.5450549450549449,30.0,4.254945054945068;1.1341161727905273,0,-0.5937666895551992,0,-0.0019536019536019467,30.0,0.10549450549450512
1.165830373764038,1.0471975511965976,0.6151293202105741,0,-0.576312576312576,30.0,3.551648351648339;1.165830373764038,0,-0.5937666895551992,0,0.0019536019536019467,30.0,0.10549450549450512
1.1978511810302734,1.0471975511965976,0.5975814450293733,0,-0.5216117216117215,30.0,4.4659340659340785;1.1978511810302734,0,-0.5937666895551992,0,-0.00586080586080584,30.0,-0.1758241758241752
1.2302987575531006,1.0471975511965976,0.5819409475852595,0,-0.4747252747252748,30.0,3.1999999999999886;1.2302987575531006,0,-0.5937666895551992,0,-0.009768009768009733,30.0,-0.24615384615384528
1.2624213695526123,1.0471975511965976,0.5678263523308154,0,-0.39658119658119695,30.0,3.8329670329670193;1.2624213695526123,0,-0.5937666895551992,0,0.0019536019536019467,30.0,-0.03516483516483504
1.2939727306365967,1.0471975511965976,0.5552376592660409,0,-0.3692307692307688,30.0,3.7626373626373493;1.2939727306365967,0,-0.5937666895551992,0,-0.00586080586080584,30.0,-0.1758241758241752
1.3256494998931885,1.0471975511965976,0.5445563439383534,0,-0.29499389499389483,30.0,3.9032967032966894;1.3256494998931885,0,-0.5937666895551992,0,-0.0019536019536019467,30.0,-0.10549450549450512
1.3571465015411377,1.0471975511965976,0.5361638818951704,0,-0.22857142857142865,30.0,4.747252747252759;1.3571465015411377,0,-0.5937666895551992,0,0.0019536019536019467,30.0,-0.10549450549450512
1.3884031772613525,1.0471975511965976,0.5304417486839093,0,-0.15433455433455467,30.0,3.9032967032966894;1.3884031772613525,0,-0.5937666895551992,0,0.00586080586080584,30.0,-0.4571428571428555
1.4200527667999268,1.0471975511965976,0.5258640421149003,0,-0.12307692307692264,30.0,3.9736263736263595;1.4200527667999268,0,-0.5937666895551992,0,0.0019536019536019467,30.0,0.10549450549450512
1.451324701309204,1.0471975511965976,0.5231937132829785,0,-0.060561660561660347,30.0,4.254945054945068;1.451324701309204,0,-0.5937666895551992,0,-0.0019536019536019467,30.0,-0.1758241758241752
1.483076810836792,1.0471975511965976,0.5224307621881437,0,0.013675213675213627,30.0,4.184615384615398;1.483076810836792,0,-0.5937666895551992,0,0.00586080586080584,30.0,-0.31648351648351536
1.5149531364440918,1.0471975511965976,0.5224307621881437,0,0.009768009768009733,30.0,4.184615384615398;1.5149531364440918,0,-0.5937666895551992,0,0.0019536019536019467,30.0,-0.1758241758241752
1.5470449924468994,1.0471975511965976,0.5224307621881437,0,0.0019536019536019467,30.0,4.184615384615398;1.5470449924468994,0,-0.5937666895551992,0,-0.00586080586080584,30.0,-0.03516483516483504
1.578277587890625,1.0471975511965976,0.5224307621881437,0,0.0019536019536019467,30.0,4.114285714285728;1.578277587890625,0,-0.5937666895551992,0,-0.0019536019536019467,30.0,-0.5978021978021957
1.6108715534210205,1.0471975511965976,0.5224307621881437,0,0.009768009768009733,30.0,4.184615384615398;1.6108715534210205,0,-0.5937666895551992,0,-0.0019536019536019467,30.0,-0.31648351648351536
1.6428196430206299,1.0471975511965976,0.5224307621881437,0,-0.0019536019536019467,30.0,3.9736263736263595;1.6428196430206299,0,-0.5937666895551992,0,-0.0019536019536019467,30.0,-0.10549450549450512
1.6744656562805176,1.0471975511965976,0.5224307621881437,0,-0.0019536019536019467,30.0,4.114285714285728;1.6744656562805176,0,-0.5937666895551992,0,0.00586080586080584,30.0,-0.5274725274725256
1.706080675125122,1.0471975511965976,0.5224307621881437,0,-0.0019536019536019467,30.0,4.043956043956058;1.706080675125122,0,-0.5937666895551992,0,0.0019536019536019467,30.0,-0.03516483516483504
1.7377240657806396,1.0471975511965976,0.5224307621881437,0,0.00586080586080584,30.0,4.043956043956058;1.7377240657806396,0,-0.5937666895551992,0,0.00586080586080584,30.0,-0.4571428571428555
1.769813060760498,1.0471975511965976,0.5224307621881437,0,-0.0019536019536019467,30.0,4.114285714285728;1.769813060760498,0,-0.5937666895551992,0,-0.00586080586080584,30.0,-0.24615384615384528
1.8017065525054932,1.0471975511965976,0.5224307621881437,0,-0.009768009768009733,30.0,3.9736263736263595;1.8017065525054932,0,-0.5937666895551992,0,-0.0019536019536019467,30.0,0.24615384615384528
1.8338863849639893,1.0471975511965976,0.5224307621881437,0,-0.0019536019536019467,30.0,4.043956043956058;1.8338863849639893,0,-0.5937666895551992,0,-0.0019536019536019467,30.0,0.10549450549450512
1.8650562763214111,1.0471975511965976,0.5224307621881437,0,-0.0019536019536019467,30.0,4.184615384615398;1.8650562763214111,0,-0.5937666895551992,0,0.0019536019536019467,30.0,-0.31648351648351536
1.8965270519256592,1.0471975511965976,0.5224307621881437,0,-0.0019536019536019467,30.0,4.114285714285728;1.8965270519256592,0,-0.5937666895551992,0,0.009768009768009733,30.0,-0.4571428571428555
1.9334237575531006,1.0471975511965976,0.5224307621881437,0,-0.0019536019536019467,30.0,4.114285714285728;1.9334237575531006,0,-0.5937666895551992,0,0.0019536019536019467,30.0,-0.10549450549450512
1.965160846710205,1.0471975511965976,0.5224307621881437,0,-0.009768009768009733,30.0,4.184615384615398;1.965160846710205,0,-0.5937666895551992,0,0.0019536019536019467,30.0,-0.4571428571428555
1.996891736984253,1.0471975511965976,0.5224307621881437,0,0.009768009768009733,30.0,4.184615384615398;1.996891736984253,0,-0.5937666895551992,0,-0.0019536019536019467,30.0,-0.38681318681318544
2.0288209915161133,1.0471975511965976,0.5224307621881437,0,-0.0019536019536019467,30.0,4.114285714285728;2.0288209915161133,0,-0.5937666895551992,0,-0.00586080586080584,30.0,-0.4571428571428555
2.0601646900177,1.0471975511965976,0.5224307621881437,0,0.0019536019536019467,30.0,4.184615384615398;2.0601646900177,0,-0.5937666895551992,0,-0.0019536019536019467,30.0,-0.4571428571428555
2.0917959213256836,1.0471975511965976,0.5224307621881437,0,-0.0019536019536019467,30.0,3.9736263736263595;2.0917959213256836,0,-0.5937666895551992,0,-0.009768009768009733,30.0,-0.24615384615384528
2.124164581298828,1.0471975511965976,0.5224307621881437,0,0.00586080586080584,30.0,4.114285714285728;2.124164581298828,0,-0.5937666895551992,0,-0.00586080586080584,30.0,0.10549450549450512
2.156339406967163,1.0471975511965976,0.5224307621881437,0,-0.0019536019536019467,30.0,3.9032967032966894;2.156339406967163,0,-0.5937666895551992,0,-0.0019536019536019467,30.0,0.03516483516483504
2.1877903938293457,1.0471975511965976,0.5224307621881437,0,-0.00586080586080584,30.0,4.114285714285728;2.1877903938293457,0,-0.5937666895551992,0,-0.00586080586080584,30.0,-0.03516483516483504
2.2194557189941406,1.0471975511965976,0.5224307621881437,0,-0.0019536019536019467,30.0,4.184615384615398;2.2194557189941406,0,-0.5937666895551992,0,-0.00586080586080584,30.0,-0.10549450549450512
2.2509593963623047,1.0471975511965976,0.5224307621881437,0,-0.0019536019536019467,30.0,4.184615384615398;2.2509593963623047,0,-0.5937666895551992,0,-0.013675213675213627,30.0,-0.31648351648351536
2.2826240062713623,1.0471975511965976,0.5224307621881437,0,0.009768009768009733,30.0,4.254945054945068;2.2826240062713623,0,-0.5937666895551992,0,-0.009768009768009733,30.0,-0.5274725274725256
2.3139755725860596,1.0471975511965976,0.5224307621881437,0,-0.009768009768009733,30.0,4.184615384615398;2.3139755725860596,0,-0.5937666895551992,0,0.0019536019536019467,30.0,0.10549450549450512
2.345532178878784,1.0471975511965976,0.5224307621881437,0,0.0019536019536019467,30.0,4.043956043956058;2.345532178878784,0,-0.5937666895551992,0,-0.00586080586080584,30.0,0.10549450549450512
2.377631902694702,1.0471975511965976,0.5224307621881437,0,0.0019536019536019467,30.0,4.114285714285728;2.377631902694702,0,-0.5937666895551992,0,-0.00586080586080584,30.0,0.24615384615384528
2.409402370452881,1.0471975511965976,0.5224307621881437,0,0.009768009768009733,30.0,4.114285714285728;2.409402370452881,0,-0.5937666895551992,0,-0.0019536019536019467,30.0,-0.38681318681318544
2.4409964084625244,1.0471975511965976,0.5224307621881437,0,-0.0019536019536019467,30.0,4.254945054945068;2.4409964084625244,0,-0.5937666895551992,0,0.0019536019536019467,30.0,-0.1758241758241752
2.472959518432617,1.0471975511965976,0.5224307621881437,0,-0.0019536019536019467,30.0,4.043956043956058;2.472959518432617,0,-0.5937666895551992,0,-0.0019536019536019467,30.0,0.10549450549450512
2.504525899887085,1.0471975511965976,0.5224307621881437,0,-0.0019536019536019467,30.0,4.184615384615398;2.504525899887085,0,-0.5937666895551992,0,-0.00586080586080584,30.0,-0.10549450549450512
2.5366032123565674,1.0471975511965976,0.5224307621881437,0,-0.0019536019536019467,30.0,4.043956043956058;2.5366032123565674,0,-0.5937666895551992,0,-0.009768009768009733,30.0,-0.5978021978021957
2.568424940109253,1.0471975511965976,0.5224307621881437,0,-0.009768009768009733,30.0,4.254945054945068;2.568424940109253,0,-0.5937666895551992,0,0.0019536019536019467,30.0,-0.38681318681318544
2.6002037525177,1.0471975511965976,0.5224307621881437,0,-0.0019536019536019467,30.0,4.254945054945068;2.6002037525177,0,-0.5937666895551992,0,-0.013675213675213627,30.0,-0.4571428571428555
2.631922960281372,1.0471975511965976,0.5224307621881437,0,-0.0019536019536019467,30.0,4.254945054945068;2.631922960281372,0,-0.5937666895551992,0,0.0019536019536019467,30.0,-0.03516483516483504
2.6628024578094482,1.0471975511965976,0.5224307621881437,0,0.0019536019536019467,30.0,4.114285714285728;2.6628024578094482,0,-0.5937666895551992,0,-0.00586080586080584,30.0,-0.03516483516483504
2.694220781326294,1.0471975511965976,0.5224307621881437,0,0.0019536019536019467,30.0,3.9736263736263595;2.694220781326294,0,-0.5937666895551992,0,-0.009768009768009733,30.0,-0.10549450549450512
2.7269296646118164,1.0471975511965976,0.5224307621881437,0,-0.0019536019536019467,30.0,4.114285714285728;2.7269296646118164,0,-0.5937666895551992,0,-0.0019536019536019467,30.0,-0.03516483516483504
2.7583870887756348,1.0471975511965976,0.5224307621881437,0,-0.0019536019536019467,30.0,4.114285714285728;2.7583870887756348,0,-0.5937666895551992,0,-0.009768009768009733,30.0,-0.10549450549450512
2.7901902198791504,1.0471975511965976,0.5224307621881437,0,-0.0019536019536019467,30.0,4.043956043956058;2.7901902198791504,0,-0.5937666895551992,0,-0.0019536019536019467,30.0,0.10549450549450512
2.8227951526641846,1.0471975511965976,0.5224307621881437,0,-0.00586080586080584,30.0,4.184615384615398;2.8227951526641846,0,-0.5937666895551992,0,0.00586080586080584,30.0,-0.03516483516483504
2.8548738956451416,1.0471975511965976,0.5224307621881437,0,-0.00586080586080584,30.0,4.043956043956058;2.8548738956451416,0,-0.5937666895551992,0,0.0019536019536019467,30.0,-0.31648351648351536
2.8866796493530273,1.0471975511965976,0.5224307621881437,0,-0.0019536019536019467,30.0,4.114285714285728;2.8866796493530273,0,-0.5937666895551992,0,-0.00586080586080584,30.0,-0.5274725274725256
2.9179208278656006,1.0471975511965976,0.5224307621881437,0,0.009768009768009733,30.0,4.043956043956058;2.9179208278656006,0,-0.5937666895551992,0,-0.0019536019536019467,30.0,-0.03516483516483504
2.950010061264038,1.0471975511965976,0.5224307621881437,0,-0.00586080586080584,30.0,4.184615384615398;2.950010061264038,0,-0.5937666895551992,0,-0.0019536019536019467,30.0,-0.24615384615384528
2.9813954830169678,1.0471975511965976,0.5224307621881437,0,-0.0019536019536019467,30.0,4.043956043956058;2.9813954830169678,0,-0.5937666895551992,0,-0.0019536019536019467,30.0,0.1758241758241752
3.0132017135620117,1.0471975511965976,0.5224307621881437,0,-0.0019536019536019467,30.0,3.9736263736263595;3.0132017135620117,0,-0.5937666895551992,0,-0.0019536019536019467,30.0,0.24615384615384528
3.0455050468444824,1.0471975511965976,0.5224307621881437,0,-0.0019536019536019467,30.0,4.114285714285728;3.0455050468444824,0,-0.5937666895551992,0,-0.0019536019536019467,30.0,-0.38681318681318544
3.0774338245391846,1.0471975511965976,0.5224307621881437,0,-0.00586080586080584,30.0,3.9032967032966894;3.0774338245391846,0,-0.5937666895551992,0,0.009768009768009733,30.0,-0.24615384615384528
3.1087284088134766,1.0471975511965976,0.5224307621881437,0,-0.0019536019536019467,30.0,4.114285714285728;3.1087284088134766,0,-0.5937666895551992,0,-0.00586080586080584,30.0,0.1758241758241752
3.140171766281128,1.0471975511965976,0.5224307621881437,0,-0.0019536019536019467,30.0,4.184615384615398;3.140171766281128,0,-0.5937666895551992,0,-0.009768009768009733,30.0,0.03516483516483504
3.17254376411438,1.0471975511965976,0.5224307621881437,0,-0.0019536019536019467,30.0,4.114285714285728;3.17254376411438,0,-0.5937666895551992,0,-0.0019536019536019467,30.0,-0.10549450549450512
3.2038111686706543,1.0471975511965976,0.5224307621881437,0,-0.0019536019536019467,30.0,4.254945054945068;3.2038111686706543,0,-0.5937666895551992,0,-0.0019536019536019467,30.0,0.1758241758241752
3.235653877258301,1.0471975511965976,0.5224307621881437,0,0.00586080586080584,30.0,4.114285714285728;3.235653877258301,0,-0.5937666895551992,0,-0.00586080586080584,30.0,-0.03516483516483504
3.2672369480133057,1.0471975511965976,0.5224307621881437,0,-0.0019536019536019467,30.0,4.114285714285728;3.2672369480133057,0,-0.5937666895551992,0,0.00586080586080584,30.0,-0.6681318681318658
3.298665761947632,1.0471975511965976,0.5224307621881437,0,-0.0019536019536019467,30.0,4.043956043956058;3.298665761947632,0,-0.5937666895551992,0,-0.0019536019536019467,30.0,-0.4571428571428555
3.3303327560424805,1.0471975511965976,0.5224307621881437,0,-0.0019536019536019467,30.0,4.043956043956058;3.3303327560424805,0,-0.5937666895551992,0,-0.0019536019536019467,30.0,-0.38681318681318544
3.361856698989868,1.0471975511965976,0.5224307621881437,0,-0.0019536019536019467,30.0,3.9736263736263595;3.361856698989868,0,-0.5937666895551992,0,0.0019536019536019467,30.0,-0.1758241758241752
3.393519163131714,1.0471975511965976,0.5224307621881437,0,-0.0019536019536019467,30.0,4.114285714285728;3.393519163131714,0,-0.5937666895551992,0,-0.013675213675213627,30.0,0.1758241758241752
3.425312042236328,1.0471975511965976,0.5224307621881437,0,-0.0019536019536019467,30.0,3.9736263736263595;3.425312042236328,0,-0.5937666895551992,0,-0.0019536019536019467,30.0,-0.03516483516483504
3.4567723274230957,1.0471975511965976,0.5224307621881437,0,-0.0019536019536019467,30.0,4.254945054945068;3.4567723274230957,0,-0.5937666895551992,0,-0.0019536019536019467,30.0,-0.31648351648351536
3.4884140491485596,1.0471975511965976,0.5224307621881437,0,-0.0019536019536019467,30.0,4.114285714285728;3.4884140491485596,0,-0.5937666895551992,0,0.009768009768009733,30.0,-0.4571428571428555
3.5195870399475098,1.0471975511965976,0.5224307621881437,0,-0.0019536019536019467,30.0,3.9736263736263595;3.5195870399475098,0,-0.5937666895551992,0,0.009768009768009733,30.0,-0.03516483516483504
3.5516610145568848,1.0471975511965976,0.5224307621881437,0,-0.0019536019536019467,30.0,3.9736263736263595;3.5516610145568848,0,-0.5937666895551992,0,-0.013675213675213627,30.0,-0.4571428571428555
3.582899332046509,1.0471975511965976,0.5224307621881437,0,-0.0019536019536019467,30.0,4.114285714285728;3.582899332046509,0,-0.5937666895551992,0,0.0019536019536019467,30.0,-0.03516483516483504
3.6144444942474365,1.0471975511965976,0.5224307621881437,0,-0.0019536019536019467,30.0,4.043956043956058;3.6144444942474365,0,-0.5937666895551992,0,-0.009768009768009733,30.0,-0.1758241758241752
3.6460320949554443,1.0471975511965976,0.5224307621881437,0,-0.0019536019536019467,30.0,4.114285714285728;3.6460320949554443,0,-0.5937666895551992,0,-0.0019536019536019467,30.0,-0.38681318681318544
3.6781959533691406,1.0471975511965976,0.5224307621881437,0,-0.0019536019536019467,30.0,3.9032967032966894;3.6781959533691406,0,-0.5937666895551992,0,-0.00586080586080584,30.0,-0.1758241758241752
3.71012282371521,1.0471975511965976,0.5224307621881437,0,-0.0019536019536019467,30.0,3.9736263736263595;3.71012282371521,0,-0.5937666895551992,0,-0.0019536019536019467,30.0,-0.24615384615384528
3.741912364959717,1.0471975511965976,0.5224307621881437,0,0.0019536019536019467,30.0,4.254945054945068;3.741912364959717,0,-0.5937666895551992,0,-0.0019536019536019467,30.0,0.03516483516483504
3.7740628719329834,1.0471975511965976,0.5224307621881437,0,-0.00586080586080584,30.0,4.043956043956058;3.7740628719329834,0,-0.5937666895551992,0,-0.00586080586080584,30.0,-0.1758241758241752
3.8053367137908936,1.0471975511965976,0.5224307621881437,0,-0.0019536019536019467,30.0,4.114285714285728;3.8053367137908936,0,-0.5937666895551992,0,0.0019536019536019467,30.0,-0.31648351648351536
3.837388753890991,1.0471975511965976,0.5224307621881437,0,-0.00586080586080584,30.0,4.043956043956058;3.837388753890991,0,-0.5937666895551992,0,-0.013675213675213627,30.0,0.1758241758241752
3.8691158294677734,1.0471975511965976,0.5224307621881437,0,-0.0019536019536019467,30.0,3.9032967032966894;3.8691158294677734,0,-0.5937666895551992,0,-0.00586080586080584,30.0,-0.4571428571428555
3.900857925415039,1.0471975511965976,0.5224307621881437,0,0.00586080586080584,30.0,4.114285714285728;3.900857925415039,0,-0.5937666895551992,0,-0.00586080586080584,30.0,-0.38681318681318544
3.932976722717285,1.0471975511965976,0.5224307621881437,0,-0.0019536019536019467,30.0,3.9736263736263595;3.932976722717285,0,-0.5937666895551992,0,0.01758241758241752,30.0,-0.10549450549450512
3.9647367000579834,1.0471975511965976,0.5224307621881437,0,-0.013675213675213627,30.0,3.9736263736263595;3.9647367000579834,0,-0.5937666895551992,0,-0.01758241758241752,30.0,-0.5274725274725256
3.9966208934783936,1.0471975511965976,0.5224307621881437,0,-0.0019536019536019467,30.0,4.043956043956058;3.9966208934783936,0,-0.5937666895551992,0,0.009768009768009733,30.0,0.10549450549450512
4.028708219528198,1.0471975511965976,0.5224307621881437,0,-0.0019536019536019467,30.0,3.9736263736263595;4.028708219528198,0,-0.5937666895551992,0,0.0019536019536019467,30.0,-0.03516483516483504
4.060205459594727,1.0471975511965976,0.5224307621881437,0,-0.009768009768009733,30.0,4.114285714285728;4.060205459594727,0,-0.5937666895551992,0,-0.013675213675213627,30.0,0.10549450549450512
4.091719627380371,1.0471975511965976,0.5224307621881437,0,-0.0019536019536019467,30.0,4.043956043956058;4.091719627380371,0,-0.5937666895551992,0,0.00586080586080584,30.0,-0.5274725274725256
4.123822212219238,1.0471975511965976,0.5224307621881437,0,-0.0019536019536019467,30.0,4.043956043956058;4.123822212219238,0,-0.5937666895551992,0,-0.0019536019536019467,30.0,-0.10549450549450512
4.15536093711853,1.0471975511965976,0.5224307621881437,0,-0.009768009768009733,30.0,3.9736263736263595;4.15536093711853,0,-0.5937666895551992,0,0.013675213675213627,30.0,-0.38681318681318544
4.1871490478515625,1.0471975511965976,0.5224307621881437,0,-0.0019536019536019467,30.0,4.114285714285728;4.1871490478515625,0,-0.5937666895551992,0,-0.013675213675213627,30.0,-0.10549450549450512
4.218878984451294,1.0471975511965976,0.5224307621881437,0,-0.0019536019536019467,30.0,4.114285714285728;4.218878984451294,0,-0.5937666895551992,0,-0.009768009768009733,30.0,-0.10549450549450512
4.250589609146118,1.0471975511965976,0.5224307621881437,0,-0.0019536019536019467,30.0,4.114285714285728;4.250589609146118,0,-0.5937666895551992,0,0.009768009768009733,30.0,0.03516483516483504
4.281982183456421,1.0471975511965976,0.5224307621881437,0,-0.009768009768009733,30.0,4.114285714285728;4.281982183456421,0,-0.5937666895551992,0,-0.013675213675213627,30.0,-0.24615384615384528
4.313164710998535,1.0471975511965976,0.5224307621881437,0,-0.0019536019536019467,30.0,4.114285714285728;4.313164710998535,0,-0.5937666895551992,0,-0.0019536019536019467,30.0,-0.03516483516483504
4.345084190368652,1.0471975511965976,0.5224307621881437,0,-0.0019536019536019467,30.0,3.9736263736263595;4.345084190368652,0,-0.5937666895551992,0,0.00586080586080584,30.0,-0.1758241758241752
4.376427173614502,1.0471975511965976,0.5224307621881437,0,0.009768009768009733,30.0,4.114285714285728;4.376427173614502,0,-0.5937666895551992,0,-0.013675213675213627,30.0,-0.4571428571428555
4.408546447753906,1.0471975511965976,0.5224307621881437,0,0.0019536019536019467,30.0,4.043956043956058;4.408546447753906,0,-0.5937666895551992,0,-0.0019536019536019467,30.0,-0.03516483516483504
4.439961910247803,1.0471975511965976,0.5224307621881437,0,-0.00586080586080584,30.0,4.254945054945068;4.439961910247803,0,-0.5937666895551992,0,-0.0019536019536019467,30.0,-0.1758241758241752
4.471722364425659,1.0471975511965976,0.5224307621881437,0,-0.0019536019536019467,30.0,4.114285714285728;4.471722364425659,0,-0.5937666895551992,0,-0.0019536019536019467,30.0,-0.1758241758241752
4.5034544467926025,1.0471975511965976,0.5224307621881437,0,-0.0019536019536019467,30.0,4.114285714285728;4.5034544467926025,0,-0.5937666895551992,0,-0.0019536019536019467,30.0,-0.03516483516483504
4.534890413284302,1.0471975511965976,0.5224307621881437,0,-0.0019536019536019467,30.0,3.9736263736263595;4.534890413284302,0,-0.5937666895551992,0,-0.00586080586080584,30.0,-0.4571428571428555
4.566596746444702,1.0471975511965976,0.5224307621881437,0,-0.0019536019536019467,30.0,3.9032967032966894;4.566596746444702,0,-0.5937666895551992,0,-0.013675213675213627,30.0,-0.38681318681318544
4.598231792449951,1.0471975511965976,0.5224307621881437,0,-0.0019536019536019467,30.0,4.114285714285728;4.598231792449951,0,-0.5937666895551992,0,-0.0019536019536019467,30.0,-0.5274725274725256
4.629930734634399,1.0471975511965976,0.5224307621881437,0,-0.0019536019536019467,30.0,4.114285714285728;4.629930734634399,0,-0.5937666895551992,0,-0.00586080586080584,30.0,-0.24615384615384528
4.661437511444092,1.0471975511965976,0.5224307621881437,0,0.01758241758241752,30.0,4.254945054945068;4.661437511444092,0,-0.5937666895551992,0,0.00586080586080584,30.0,0.1758241758241752
4.692706346511841,1.0471975511965976,0.5224307621881437,0,-0.0019536019536019467,30.0,4.114285714285728;4.692706346511841,0,-0.5937666895551992,0,0.0019536019536019467,30.0,-0.4571428571428555
4.724415063858032,1.0471975511965976,0.5224307621881437,0,-0.0019536019536019467,30.0,4.254945054945068;4.724415063858032,0,-0.5937666895551992,0,-0.0019536019536019467,30.0,-0.03516483516483504
4.756008148193359,1.0471975511965976,0.5224307621881437,0,-0.00586080586080584,30.0,4.043956043956058;4.756008148193359,0,-0.5937666895551992,0,-0.00586080586080584,30.0,-0.31648351648351536
4.788046836853027,1.0471975511965976,0.5224307621881437,0,-0.0019536019536019467,30.0,4.114285714285728;4.788046836853027,0,-0.5937666895551992,0,-0.00586080586080584,30.0,0.03516483516483504
4.819665431976318,1.0471975511965976,0.5224307621881437,0,-0.00586080586080584,30.0,3.9736263736263595;4.819665431976318,0,-0.5937666895551992,0,-0.0019536019536019467,30.0,0.03516483516483504
4.851984024047852,1.0471975511965976,0.5224307621881437,0,0.00586080586080584,30.0,4.043956043956058;4.851984024047852,0,-0.5937666895551992,0,-0.0019536019536019467,30.0,-0.10549450549450512
4.883398056030273,1.0471975511965976,0.5224307621881437,0,-0.009768009768009733,30.0,4.043956043956058;4.883398056030273,0,-0.5937666895551992,0,0.009768009768009733,30.0,-0.1758241758241752
4.915445327758789,1.0471975511965976,0.5224307621881437,0,0.0019536019536019467,30.0,3.9736263736263595;4.915445327758789,0,-0.5937666895551992,0,-0.0019536019536019467,30.0,-0.38681318681318544
4.947256326675415,1.0471975511965976,0.5224307621881437,0,-0.00586080586080584,30.0,4.114285714285728;4.947256326675415,0,-0.5937666895551992,0,-0.013675213675213627,30.0,-0.03516483516483504
4.978307247161865,1.0471975511965976,0.5224307621881437,0,-0.0019536019536019467,30.0,4.114285714285728;4.978307247161865,0,-0.5937666895551992,0,-0.009768009768009733,30.0,-0.03516483516483504
5.009542942047119,1.0471975511965976,0.5224307621881437,0,0.00586080586080584,30.0,4.114285714285728;5.009542942047119,0,-0.5937666895551992,0,0.00586080586080584,30.0,0.10549450549450512
5.041621208190918,1.0471975511965976,0.5224307621881437,0,-0.00586080586080584,30.0,4.043956043956058;5.041621208190918,0,-0.5937666895551992,0,-0.013675213675213627,30.0,-0.24615384615384528
5.072909355163574,1.0471975511965976,0.5224307621881437,0,-0.0019536019536019467,30.0,4.184615384615398;5.072909355163574,0,-0.5937666895551992,0,-0.0019536019536019467,30.0,-0.6681318681318658
5.104910612106323,1.0471975511965976,0.5224307621881437,0,-0.0019536019536019467,30.0,4.043956043956058;5.104910612106323,0,-0.5937666895551992,0,-0.0019536019536019467,30.0,-0.1758241758241752
5.136252164840698,1.0471975511965976,0.5224307621881437,0,-0.0019536019536019467,30.0,3.9736263736263595;5.136252164840698,0,-0.5937666895551992,0,-0.00586080586080584,30.0,-0.4571428571428555
5.167988538742065,1.0471975511965976,0.5224307621881437,0,-0.013675213675213627,30.0,4.254945054945068;5.167988538742065,0,-0.5937666895551992,0,0.0019536019536019467,30.0,-0.38681318681318544
5.199855327606201,1.0471975511965976,0.5224307621881437,0,-0.0019536019536019467,30.0,4.114285714285728;5.199855327606201,0,-0.5937666895551992,0,-0.00586080586080584,30.0,-0.38681318681318544
5.231690168380737,1.0471975511965976,0.5224307621881437,0,-0.009768009768009733,30.0,4.043956043956058;5.231690168380737,0,-0.5937666895551992,0,-0.00586080586080584,30.0,0.1758241758241752
5.2632715702056885,1.0471975511965976,0.5224307621881437,0,-0.00586080586080584,30.0,4.043956043956058;5.2632715702056885,0,-0.5937666895551992,0,-0.00586080586080584,30.0,-0.31648351648351536
5.294541835784912,1.0471975511965976,0.5224307621881437,0,-0.013675213675213627,30.0,4.184615384615398;5.294541835784912,0,-0.5937666895551992,0,0.0019536019536019467,30.0,-0.24615384615384528
5.325908422470093,1.0471975511965976,0.5224307621881437,0,-0.00586080586080584,30.0,4.114285714285728;5.325908422470093,0,-0.5937666895551992,0,-0.0019536019536019467,30.0,-0.24615384615384528
5.357485055923462,1.0471975511965976,0.5224307621881437,0,0.00586080586080584,30.0,4.114285714285728;5.357485055923462,0,-0.5937666895551992,0,0.00586080586080584,30.0,-0.03516483516483504
5.388922452926636,1.0471975511965976,0.5224307621881437,0,-0.0019536019536019467,30.0,4.254945054945068;5.388922452926636,0,-0.5937666895551992,0,-0.013675213675213627,30.0,-0.38681318681318544
5.420360088348389,1.0471975511965976,0.5224307621881437,0,-0.0019536019536019467,30.0,4.184615384615398;5.420360088348389,0,-0.5937666895551992,0,0.00586080586080584,30.0,-0.10549450549450512
5.451858997344971,1.0471975511965976,0.5224307621881437,0,-0.0019536019536019467,30.0,3.9736263736263595;5.451858997344971,0,-0.5937666895551992,0,-0.00586080586080584,30.0,-0.31648351648351536
5.483627796173096,1.0471975511965976,0.5224307621881437,0,-0.0019536019536019467,30.0,4.114285714285728;5.483627796173096,0,-0.5937666895551992,0,-0.0019536019536019467,30.0,-0.10549450549450512
5.515052318572998,1.0471975511965976,0.5224307621881437,0,0.009768009768009733,30.0,4.114285714285728;5.515052318572998,0,-0.5937666895551992,0,0.0019536019536019467,30.0,-0.24615384615384528
5.546711444854736,1.0471975511965976,0.5224307621881437,0,-0.0019536019536019467,30.0,3.9736263736263595;5.546711444854736,0,-0.5937666895551992,0,-0.0019536019536019467,30.0,-0.10549450549450512
5.5783514976501465,1.0471975511965976,0.5224307621881437,0,-0.013675213675213627,30.0,4.043956043956058;5.5783514976501465,0,-0.5937666895551992,0,0.00586080586080584,30.0,-0.38681318681318544
5.609823703765869,1.0471975511965976,0.5224307621881437,0,0.0019536019536019467,30.0,3.9736263736263595;5.609823703765869,0,-0.5937666895551992,0,-0.00586080586080584,30.0,0.1758241758241752
5.641862154006958,1.0471975511965976,0.5224307621881437,0,-0.0019536019536019467,30.0,3.9736263736263595;5.641862154006958,0,-0.5937666895551992,0,-0.00586080586080584,30.0,0.1758241758241752
5.673687934875488,1.0471975511965976,0.5224307621881437,0,-0.0019536019536019467,30.0,4.114285714285728;5.673687934875488,0,-0.5937666895551992,0,0.009768009768009733,30.0,-0.5274725274725256
5.70551872253418,1.0471975511965976,0.5224307621881437,0,-0.0019536019536019467,30.0,4.043956043956058;5.70551872253418,0,-0.5937666895551992,0,0.00586080586080584,30.0,-0.1758241758241752
5.737382650375366,1.0471975511965976,0.5224307621881437,0,-0.0019536019536019467,30.0,4.043956043956058;5.737382650375366,0,-0.5937666895551992,0,-0.0019536019536019467,30.0,-0.4571428571428555
5.768861532211304,1.0471975511965976,0.5224307621881437,0,-0.0019536019536019467,30.0,4.114285714285728;5.768861532211304,0,-0.5937666895551992,0,-0.0019536019536019467,30.0,-0.03516483516483504
5.800801038742065,1.0471975511965976,0.5224307621881437,0,-0.0019536019536019467,30.0,4.114285714285728;5.800801038742065,0,-0.5937666895551992,0,0.0019536019536019467,30.0,0.03516483516483504
5.832823991775513,1.0471975511965976,0.5224307621881437,0,0.00586080586080584,30.0,4.114285714285728;5.832823991775513,0,-0.5937666895551992,0,-0.0019536019536019467,30.0,-0.24615384615384528
5.864311695098877,1.0471975511965976,0.5224307621881437,0,-0.0019536019536019467,30.0,4.114285714285728;5.864311695098877,0,-0.5937666895551992,0,-0.0019536019536019467,30.0,-0.4571428571428555
5.896023988723755,1.0471975511965976,0.5224307621881437,0,0.0019536019536019467,30.0,4.254945054945068;5.896023988723755,0,-0.5937666895551992,0,-0.0019536019536019467,30.0,-0.03516483516483504
5.928045749664307,1.0471975511965976,0.5224307621881437,0,-0.00586080586080584,30.0,4.114285714285728;5.928045749664307,0,-0.5937666895551992,0,-0.009768009768009733,30.0,-0.24615384615384528
5.959850549697876,1.0471975511965976,0.5224307621881437,0,-0.013675213675213627,30.0,4.114285714285728;5.959850549697876,0,-0.5937666895551992,0,0.0019536019536019467,30.0,-0.38681318681318544
5.991316795349121,1.0471975511965976,0.5224307621881437,0,-0.00586080586080584,30.0,3.9736263736263595;5.991316795349121,0,-0.5937666895551992,0,0.00586080586080584,30.0,-0.10549450549450512
6.023370742797852,1.0471975511965976,0.5224307621881437,0,-0.0019536019536019467,30.0,4.184615384615398;6.023370742797852,0,-0.5937666895551992,0,-0.00586080586080584,30.0,-0.1758241758241752
6.0557239055633545,1.0471975511965976,0.5224307621881437,0,-0.0019536019536019467,30.0,4.114285714285728;6.0557239055633545,0,-0.5937666895551992,0,-0.0019536019536019467,30.0,0.03516483516483504
6.087209701538086,1.0471975511965976,0.5224307621881437,0,-0.0019536019536019467,30.0,4.114285714285728;6.087209701538086,0,-0.5937666895551992,0,-0.009768009768009733,30.0,-0.31648351648351536
6.119002819061279,1.0471975511965976,0.5224307621881437,0,-0.00586080586080584,30.0,4.184615384615398;6.119002819061279,0,-0.5937666895551992,0,-0.00586080586080584,30.0,-0.10549450549450512
6.150979042053223,1.0471975511965976,0.5224307621881437,0,-0.0019536019536019467,30.0,3.9736263736263595;6.150979042053223,0,-0.5937666895551992,0,-0.009768009768009733,30.0,-0.1758241758241752
6.182375431060791,1.0471975511965976,0.5224307621881437,0,-0.0019536019536019467,30.0,4.184615384615398;6.182375431060791,0,-0.5937666895551992,0,-0.013675213675213627,30.0,-0.10549450549450512
6.2139363288879395,1.0471975511965976,0.5224307621881437,0,0.00586080586080584,30.0,4.254945054945068;6.2139363288879395,0,-0.5937666895551992,0,0.0019536019536019467,30.0,-0.03516483516483504
6.2457005977630615,1.0471975511965976,0.5224307621881437,0,-0.009768009768009733,30.0,4.114285714285728;6.2457005977630615,0,-0.5937666895551992,0,-0.009768009768009733,30.0,-0.1758241758241752
6.27690315246582,1.0471975511965976,0.5224307621881437,0,-0.0019536019536019467,30.0,4.184615384615398;6.27690315246582,0,-0.5937666895551992,0,0.0019536019536019467,30.0,-0.4571428571428555
6.308741569519043,1.0471975511965976,0.5224307621881437,0,-0.0019536019536019467,30.0,4.114285714285728;6.308741569519043,0,-0.5937666895551992,0,0.00586080586080584,30.0,0.10549450549450512
6.3411478996276855,1.0471975511965976,0.5224307621881437,0,-0.009768009768009733,30.0,4.184615384615398;6.3411478996276855,0,-0.5937666895551992,0,0.0019536019536019467,30.0,-0.24615384615384528
6.3729376792907715,1.0471975511965976,0.5224307621881437,0,-0.00586080586080584,30.0,4.114285714285728;6.3729376792907715,0,-0.5937666895551992,0,-0.0019536019536019467,30.0,-0.10549450549450512
6.403972625732422,1.0471975511965976,0.5224307621881437,0,-0.0019536019536019467,30.0,4.043956043956058;6.403972625732422,0,-0.5937666895551992,0,0.009768009768009733,30.0,-0.4571428571428555
6.435949087142944,1.0471975511965976,0.5224307621881437,0,-0.009768009768009733,30.0,4.043956043956058;6.435949087142944,0,-0.5937666895551992,0,-0.0019536019536019467,30.0,-0.6681318681318658
6.467213153839111,1.0471975511965976,0.5224307621881437,0,-0.0019536019536019467,30.0,4.043956043956058;6.467213153839111,0,-0.5937666895551992,0,-0.0019536019536019467,30.0,-0.6681318681318658
6.498465538024902,1.0471975511965976,0.5224307621881437,0,0.0019536019536019467,30.0,4.043956043956058;6.498465538024902,0,-0.5937666895551992,0,-0.0019536019536019467,30.0,-0.1758241758241752
6.530118703842163,1.0471975511965976,0.5224307621881437,0,-0.0019536019536019467,30.0,4.184615384615398;6.530118703842163,0,-0.5937666895551992,0,-0.009768009768009733,30.0,-0.24615384615384528
6.561382055282593,1.0471975511965976,0.5224307621881437,0,-0.0019536019536019467,30.0,4.043956043956058;6.561382055282593,0,-0.5937666895551992,0,-0.01758241758241752,30.0,-0.10549450549450512
6.592637538909912,1.0471975511965976,0.5224307621881437,0,0.0019536019536019467,30.0,4.043956043956058;6.592637538909912,0,-0.5937666895551992,0,0.009768009768009733,30.0,0.10549450549450512
6.623886346817017,1.0471975511965976,0.5224307621881437,0,-0.00586080586080584,30.0,4.043956043956058;6.623886346817017,0,-0.5937666895551992,0,0.0019536019536019467,30.0,-0.4571428571428555
6.6555798053741455,1.0471975511965976,0.5224307621881437,0,-0.009768009768009733,30.0,4.184615384615398;6.6555798053741455,0,-0.5937666895551992,0,-0.009768009768009733,30.0,-0.1758241758241752
6.686832427978516,1.0471975511965976,0.5224307621881437,0,0.0019536019536019467,30.0,4.043956043956058;6.686832427978516,0,-0.5937666895551992,0,-0.013675213675213627,30.0,0.03516483516483504
