0.0,-0.006294346532387252,0.009768009768009733,1.9340659340659272
0.015662193298339844,-0.006294346532387252,-0.0019536019536019467,1.9340659340659272
0.03128838539123535,-0.006294346532387252,0.009768009768009733,0.879120879120876
0.047032833099365234,-0.006294346532387252,-0.009768009768009733,1.2307692307692264
0.06313967704772949,-0.006294346532387252,0.0019536019536019467,0.5978021978021957
0.0791473388671875,-0.006294346532387252,0.013675213675213627,0.8087912087912059
0.09483551979064941,-0.006294346532387252,-0.009768009768009733,0.8087912087912059
0.11080479621887207,-0.006294346532387252,0.0019536019536019467,0.5978021978021957
0.12649321556091309,-0.006294346532387252,0.00586080586080584,0.9494505494505461
0.14214849472045898,-0.006294346532387252,0.0019536019536019467,0.7384615384615358
0.15780234336853027,-0.006294346532387252,0.0019536019536019467,0.4571428571428555
0.1738109588623047,-0.006294346532387252,-0.00586080586080584,0.7384615384615358
0.1894397735595703,-0.006294346532387252,0.013675213675213627,0.03516483516483504
0.20509624481201172,-0.006294346532387252,0.00586080586080584,0.6681318681318658
0.2207622528076172,-0.006294346532387252,-0.009768009768009733,0.4571428571428555
0.2364029884338379,-0.006294346532387252,0.00586080586080584,0.7384615384615358
0.2522428035736084,-0.006294346532387252,-0.013675213675213627,0.7384615384615358
0.2682335376739502,-0.006294346532387252,0.0019536019536019467,0.9494505494505461
0.28407812118530273,-0.006294346532387252,-0.013675213675213627,1.5824175824175768
0.29949212074279785,-0.006294346532387252,-0.00586080586080584,1.793406593406587
0.315382719039917,-0.006294346532387252,-0.00586080586080584,2.3560439560439477
0.3310403823852539,-0.006294346532387252,-0.0293040293040292,2.778021978021968
0.34668588638305664,-0.006294346532387252,-0.0019536019536019467,2.9186813186813083
0.3623325824737549,-0.006294346532387252,0.009768009768009733,3.481318681318669
0.3783426284790039,-0.006294346532387252,0.00586080586080584,3.692307692307679
0.39404797554016113,-0.006294346532387252,-0.0019536019536019467,4.184615384615398
0.4099907875061035,-0.006294346532387252,0.013675213675213627,4.395604395604408
0.42600011825561523,-0.005912870984969842,0.09572649572649539,4.536263736263749
0.4416658878326416,-0.0040054932478827965,0.1387057387057382,4.817582417582429
0.4573023319244385,-0.000953688868543523,0.23638583638583555,4.887912087912099
0.47333502769470215,0.0036240177004653873,0.32625152625152687,4.817582417582429
0.48935532569885254,0.009727626459143934,0.40830280830280863,4.4659340659340785
0.5045986175537109,0.0165941863126573,0.4747252747252748,4.325274725274738
0.5202252864837646,0.024986648355840302,0.5684981684981683,5.3802197802197895
0.5359907150268555,0.03452353704127553,0.6466422466422461,4.536263736263749
0.5516302585601807,0.04520485236896299,0.7013431013431006,5.098901098901109
0.5673685073852539,0.056649118791485265,0.7677655677655686,4.395604395604408
0.5830023288726807,0.06961928740367718,0.8537240537240542,4.536263736263749
0.598644495010376,0.08335240711070391,0.8810744810744815,4.747252747252759
0.6146695613861084,0.09746700236514805,0.9396825396825399,4.254945054945068
0.6304688453674316,0.11310749980926182,1.0021978021978022,3.340659340659329
0.6462438106536865,0.12951094834821042,1.0256410256410255,3.621978021978009
0.6617333889007568,0.14667734798199383,1.0998778998778995,4.043956043956058
0.6777608394622803,0.16384374761577725,1.1350427350427346,3.481318681318669
0.6933913230895996,0.1825360494392303,1.158485958485958,3.481318681318669
0.7090175151824951,0.20122835126268335,1.1741147741147735,4.114285714285728
0.7246429920196533,0.219539177538719,1.2210012210012202,3.481318681318669
0.7402691841125488,0.23823147936217204,1.228815628815628,3.621978021978009
0.7559514045715332,0.2576867322804617,1.2366300366300358,2.707692307692298
0.7718784809112549,0.27714198519874955,1.2405372405372397,2.0043956043955973
0.7875745296478271,0.29697871366445483,1.2483516483516475,3.410989010988999
0.803147554397583,0.3168154421301601,1.2405372405372397,1.9340659340659272
0.8187596797943115,0.33550774395361316,1.2131868131868124,1.8637362637362571
0.8344252109527588,0.3545815213244836,1.1858363858363852,2.2857142857142776
0.8503556251525879,0.37327382314793667,1.158485958485958,2.3560439560439477
0.8663647174835205,0.3908216983291375,1.1311355311355307,1.723076923076917
0.8820199966430664,0.4083695735103383,1.0764346764346762,1.5120879120879067
0.8976461887359619,0.4251544975967043,1.0178266178266178,1.2307692307692264
0.9132781028747559,0.4404135194934007,0.9553113553113555,1.2307692307692264
0.9289264678955078,0.45490959029526223,0.9084249084249088,0.8087912087912059
0.9445528984069824,0.46826123445487156,0.8146520146520153,0.879120879120876
0.9601786136627197,0.48123140306706347,0.7482295482295473,0.24615384615384528
0.9762022495269775,0.4919127183947509,0.6818070818070812,0.24615384615384528
0.991847038269043,0.502212558175021,0.5645909645909644,-0.24615384615384528
1.007657766342163,0.510605020218204,0.4903540903540904,-0.10549450549450512
1.023275375366211,0.5178530556191348,0.40830280830280863,-0.38681318681318544
1.038724660873413,0.5235751888303959,0.33406593406593466,0.1758241758241752
1.0545740127563477,0.5277714198519874,0.2520146520146529,0.4571428571428555
1.0705132484436035,0.5312046997787441,0.1504273504273499,0.10549450549450512
1.0863773822784424,0.5331120775158311,0.07228327228327203,0.10549450549450512
1.1023783683776855,0.5334935530632485,0.0293040293040292,0.24615384615384528
1.1180663108825684,0.5334935530632485,-0.00586080586080584,0.5274725274725256
1.133908748626709,0.5334935530632485,0.01758241758241752,0.5274725274725256
1.1495184898376465,0.5334935530632485,-0.00586080586080584,0.5978021978021957
1.1652367115020752,0.5334935530632485,-0.0019536019536019467,0.5978021978021957
1.1811835765838623,0.5334935530632485,-0.00586080586080584,0.10549450549450512
1.196512222290039,0.5334935530632485,-0.0019536019536019467,0.5274725274725256
1.2123570442199707,0.5334935530632485,-0.013675213675213627,-0.10549450549450512
1.2279815673828125,0.5334935530632485,-0.0019536019536019467,0.24615384615384528
1.2436013221740723,0.5334935530632485,-0.0019536019536019467,0.10549450549450512
1.2592322826385498,0.5334935530632485,0.0019536019536019467,0.1758241758241752
1.2749543190002441,0.5334935530632485,-0.009768009768009733,0.24615384615384528
1.2906486988067627,0.5334935530632485,-0.009768009768009733,-0.10549450549450512
1.3062744140625,0.5334935530632485,-0.0019536019536019467,-0.24615384615384528
1.3221862316131592,0.5334935530632485,-0.00586080586080584,-0.10549450549450512
1.3378403186798096,0.5334935530632485,0.0019536019536019467,-0.4571428571428555
1.3534660339355469,0.5334935530632485,-0.00586080586080584,-0.5274725274725256
1.3694770336151123,0.5334935530632485,0.0019536019536019467,-0.8087912087912059
1.3851454257965088,0.5334935530632485,-0.013675213675213627,-0.7384615384615358
1.400803804397583,0.5334935530632485,-0.00586080586080584,-1.1604395604395563
1.4164304733276367,0.5334935530632485,-0.01758241758241752,-1.0901098901098862
1.4321300983428955,0.5334935530632485,-0.00586080586080584,-1.2307692307692264
1.4480187892913818,0.5334935530632485,-0.0019536019536019467,-0.8087912087912059
1.4636821746826172,0.5334935530632485,0.0019536019536019467,-0.9494505494505461
1.4797008037567139,0.5334935530632485,-0.00586080586080584,-1.1604395604395563
1.495530366897583,0.5334935530632485,-0.00586080586080584,-1.6527472527472469
1.5112907886505127,0.5334935530632485,-0.0019536019536019467,-1.0197802197802162
1.5269291400909424,0.5334935530632485,-0.009768009768009733,-1.5824175824175768
1.542555332183838,0.5334935530632485,-0.009768009768009733,-1.4417582417582366
1.558180570602417,0.5334935530632485,-0.0019536019536019467,-1.6527472527472469
1.5741312503814697,0.5334935530632485,-0.00586080586080584,-1.5824175824175768
1.5902161598205566,0.5334935530632485,0.0019536019536019467,-2.0043956043955973
1.605846881866455,0.5334935530632485,0.0019536019536019467,-1.9340659340659272
1.6214861869812012,0.5334935530632485,-0.0019536019536019467,-2.1450549450549374
1.6373310089111328,0.5334935530632485,0.00586080586080584,-2.2857142857142776
1.6529591083526611,0.5334935530632485,0.00586080586080584,-2.496703296703288
1.6689136028289795,0.5334935530632485,0.0019536019536019467,-2.4263736263736178
1.6847765445709229,0.5334935530632485,-0.0019536019536019467,-2.4263736263736178
1.7004001140594482,0.5334935530632485,-0.009768009768009733,-2.567032967032958
1.7160301208496094,0.5334935530632485,0.009768009768009733,-2.8483516483516382
1.7324004173278809,0.5334935530632485,-0.00586080586080584,-2.8483516483516382
1.748281478881836,0.5331120775158311,-0.060561660561660347,-2.567032967032958
1.7643451690673828,0.5315861753261615,-0.15824175824175857,-2.9186813186813083
1.7805798053741455,0.5285343709468222,-0.22075702075702086,-2.4263736263736178
1.7964105606079102,0.5239566643778133,-0.3184371184371182,-3.1296703296703186
1.8118457794189453,0.5182345311665522,-0.38485958485958527,-2.1450549450549374
1.8277003765106201,0.5117494468604562,-0.4708180708180709,-3.1296703296703186
1.8433318138122559,0.5037384603646906,-0.5489621489621488,-2.707692307692298
1.8589484691619873,0.4945830472266728,-0.6075702075702072,-2.8483516483516382
1.8748750686645508,0.48466468299382015,-0.6661782661782665,-3.340659340659329
1.8907339572906494,0.4732204165712979,-0.7521367521367521,-2.4263736263736178
1.9063572883605957,0.46063172350652337,-0.8068376068376066,-2.2857142857142776
1.9219696521759033,0.44766155489433146,-0.8693528693528689,-2.707692307692298
1.9377002716064453,0.4335469596398873,-0.9435897435897438,-2.496703296703288
1.953145980834961,0.41866941329060836,-0.970940170940171,-1.8637362637362571
2.4756805896759033,0.403410391393912,-1.006105006105006,-1.723076923076917
2.4915618896484375,-0.01583123521782248,-0.0293040293040292,1.2307692307692264
2.5071704387664795,-0.01583123521782248,-0.00586080586080584,0.7384615384615358
2.522573232650757,-0.01583123521782248,0.00586080586080584,0.5978021978021957
2.5390844345092773,-0.01583123521782248,-0.009768009768009733,0.5978021978021957
2.5547242164611816,-0.01583123521782248,-0.0019536019536019467,0.8087912087912059
2.5707285404205322,-0.01583123521782248,0.0019536019536019467,0.4571428571428555
2.5866150856018066,-0.01583123521782248,0.009768009768009733,0.7384615384615358
2.6022531986236572,-0.01583123521782248,-0.00586080586080584,0.6681318681318658
2.6178815364837646,-0.01583123521782248,0.0019536019536019467,0.24615384615384528
2.63417649269104,-0.01583123521782248,-0.0019536019536019467,0.7384615384615358
2.650075674057007,-0.01583123521782248,-0.009768009768009733,0.6681318681318658
2.665661096572876,-0.01583123521782248,0.009768009768009733,0.4571428571428555
2.681917667388916,-0.01583123521782248,-0.013675213675213627,0.38681318681318544
2.697784662246704,-0.01583123521782248,0.0019536019536019467,0.879120879120876
2.7133960723876953,-0.01583123521782248,0.0019536019536019467,1.3010989010988965
2.7291464805603027,-0.01583123521782248,-0.009768009768009733,1.0901098901098862
2.744626998901367,-0.01583123521782248,-0.0019536019536019467,1.6527472527472469
2.7600903511047363,-0.01583123521782248,-0.013675213675213627,1.5120879120879067
2.775982618331909,-0.01583123521782248,-0.00586080586080584,2.0043956043955973
2.791853189468384,-0.01583123521782248,-0.00586080586080584,2.2857142857142776
2.8074686527252197,-0.01583123521782248,-0.01758241758241752,2.778021978021968
2.82310152053833,-0.01583123521782248,0.00586080586080584,3.1999999999999886
2.839364528656006,-0.01583123521782248,0.00586080586080584,3.2703296703296587
2.8556020259857178,-0.01583123521782248,-0.013675213675213627,3.9736263736263595
2.87162446975708,-0.015449759670405072,0.00586080586080584,4.043956043956058
2.8874764442443848,-0.014305333028152845,0.13089133089133043,4.325274725274738
2.903090715408325,-0.01201647974364839,0.18168498168498104,4.395604395604408
2.918524742126465,-0.008201724269474298,0.27155067155067236,3.9736263736263595
2.9343743324279785,-0.003242542153047978,0.34188034188034244,5.45054945054946
2.94999361038208,0.002861066605630569,0.40439560439560474,5.169230769230779
2.965897798538208,0.010109102006561344,0.5177045177045176,4.958241758241769
2.9821407794952393,0.018883039597161755,0.5841269841269838,4.817582417582429
2.998000144958496,0.028801403830014394,0.6622710622710617,5.169230769230779
3.0137124061584473,0.03986419470511926,0.7208791208791201,4.4659340659340785
3.0292446613311768,0.052071412222476354,0.8146520146520153,5.028571428571439
3.0448596477508545,0.06504158083466827,0.8537240537240542,4.395604395604408
3.0607991218566895,0.078774700541695,0.9123321123321126,4.606593406593419
3.076547384262085,0.09403372243839137,0.9748473748473749,4.114285714285728
3.092487335205078,0.10967421988250514,1.0217338217338217,4.254945054945068
3.1083500385284424,0.12645914396887115,1.0608058608058606,4.325274725274738
3.1244990825653076,0.14362554360265456,1.1076923076923073,3.340659340659329
3.140362024307251,0.1619363698786902,1.1272283272283268,4.043956043956058
3.1560091972351074,0.18024719615472584,1.1741147741147735,3.551648351648339
3.1722633838653564,0.1989394979781789,1.2053724053724046,3.9736263736263595
3.188120126724243,0.21877622644388417,1.2366300366300358,2.707692307692298
3.204343795776367,0.23823147936217204,1.2483516483516475,3.0593406593406485
3.220188856124878,0.2580682078278791,1.232722832722832,3.692307692307679
3.2361562252044678,0.27790493629358437,1.260073260073261,2.8483516483516382
3.2519938945770264,0.29774166475928965,1.2483516483516475,2.496703296703288
3.2675158977508545,0.3175783932249949,1.2170940170940163,2.567032967032958
3.283770799636841,0.3366521705958654,1.224908424908424,2.496703296703288
3.304621696472168,0.35648889906157066,1.2053724053724046,1.8637362637362571
3.3204705715179443,0.38090333409628485,1.154578754578754,2.637362637362628
3.3366479873657227,0.3992141603723205,1.1350427350427346,2.1450549450549374
3.3524816036224365,0.4167620355535213,1.0608058608058606,1.723076923076917
3.3679215908050537,0.4335469596398873,1.0256410256410255,1.3714285714285666
3.383955955505371,0.4488059815365837,0.9670329670329672,1.3714285714285666
3.4001379013061523,0.46368352788586265,0.9045177045177049,1.723076923076917
3.4160282611846924,0.4774166475928894,0.8185592185592192,0.8087912087912059
3.4322261810302734,0.4900053406576639,0.7560439560439569,0.38681318681318544
3.4480860233306885,0.5010681315327687,0.6466422466422461,-0.24615384615384528
3.463986396789551,0.5109864957656214,0.5684981684981683,1.1604395604395563
3.479917526245117,0.5193789578088044,0.4981684981684982,1.0197802197802162
3.4960286617279053,0.5266269932097352,0.40048840048840084,0.38681318681318544
3.51187801361084,0.5323491264209963,0.33015873015873076,0.24615384615384528
3.5280160903930664,0.5365453574425878,0.22857142857142776,0.1758241758241752
3.5438528060913086,0.5395971618219271,0.1426129426129421,0.5978021978021957
3.55997633934021,0.5411230640115967,0.07228327228327203,0.5978021978021957
3.575989246368408,0.5415045395590141,0.0019536019536019467,0.7384615384615358
3.5916173458099365,0.5411230640115967,-0.05665445665445645,0.24615384615384528
3.6072447299957275,0.5403601129167619,-0.03321123321123309,0.10549450549450512
3.6228702068328857,0.5403601129167619,-0.05274725274725256,0.4571428571428555
3.638495922088623,0.5395971618219271,-0.00586080586080584,0.24615384615384528
3.6541218757629395,0.5392156862745097,-0.04102564102564088,0.5274725274725256
3.670133113861084,0.5384527351796748,-0.06837606837606813,0.38681318681318544
3.6857612133026123,0.53768978408484,-0.04102564102564088,0.4571428571428555
3.7014124393463135,0.5369268329900052,-0.06837606837606813,0.4571428571428555
3.7170298099517822,0.535782406347753,-0.05665445665445645,0.38681318681318544
3.732893705368042,0.5350194552529182,-0.05665445665445645,0.24615384615384528
3.748797655105591,0.5342565041580833,-0.0840048840048837,0.31648351648351536
3.7646682262420654,0.5331120775158311,-0.05665445665445645,0.1758241758241752
3.7807888984680176,0.5319676508735789,-0.08009768009767981,0.24615384615384528
3.7969772815704346,0.5308232242313267,-0.0840048840048837,-0.1758241758241752
3.813279390335083,0.529297322041657,-0.10744810744810707,-0.1758241758241752
3.8294694423675537,0.52738994430457,-0.11526251526251485,-0.24615384615384528
3.8453705310821533,0.5254825665674829,-0.12698412698412742,-0.03516483516483504
3.8613243103027344,0.5235751888303959,-0.142612942612943,-0.1758241758241752
3.8775596618652344,0.520904859998474,-0.15824175824175857,-0.31648351648351536
3.89375638961792,0.5182345311665522,-0.18168498168498193,-0.4571428571428555
3.9098987579345703,0.5151827267872129,-0.1973137973137975,-0.24615384615384528
3.925546407699585,0.5117494468604562,-0.21684981684981697,-0.9494505494505461
3.9414913654327393,0.5083161669336995,-0.24420024420024422,-1.0197802197802162
3.9573917388916016,0.5045014114595254,-0.24420024420024422,-0.7384615384615358
3.973632574081421,0.5003051804379339,-0.27545787545787537,-0.5978021978021957
3.9895899295806885,0.495727473868925,-0.29499389499389483,-0.24615384615384528
4.005777835845947,0.4907682917524987,-0.3184371184371182,-1.0197802197802162
4.021638631820679,0.4858091096360724,-0.3223443223443221,-0.38681318681318544
4.037421464920044,0.48008697642481124,-0.35360195360195323,-0.879120879120876
4.053687334060669,0.4743648432135501,-0.3770451770451775,-1.1604395604395563
4.069333791732788,0.46826123445487156,-0.38485958485958527,-1.3714285714285666
4.0867908000946045,0.4617761501487756,-0.4122100122100125,-1.0901098901098862
4.102325677871704,0.4545281147478448,-0.4278388278388281,-0.31648351648351536
4.1183998584747314,0.44728007934691405,-0.46300366300366314,-0.5978021978021957
4.134232759475708,0.4400320439459833,-0.4981684981684982,-1.0901098901098862
4.149859666824341,0.4320210574502177,-0.4942612942612943,-0.879120879120876
4.16571831703186,0.4240100709544521,-0.5333333333333332,-0.7384615384615358
4.181965589523315,0.4159990844586865,-0.5372405372405371,-1.4417582417582366
4.197840929031372,0.4068436713206687,-0.5606837606837605,-0.7384615384615358
4.213451623916626,0.39806973373006826,-0.5724053724053721,-1.6527472527472469
4.229082345962524,0.38891432059205044,-0.6036630036630033,-0.31648351648351536
4.2446980476379395,0.3793774319066152,-0.6036630036630033,-1.0901098901098862
4.260315895080566,0.36984054322118,-0.6310134310134314,-1.6527472527472469
4.276259422302246,0.35992217898832735,-0.6544566544566548,-1.1604395604395563
4.292165756225586,0.3496223392080573,-0.6505494505494509,-1.1604395604395563
4.307830572128296,0.33894102388036984,-0.681807081807082,-0.10549450549450512
4.323688507080078,0.3282597085526824,-0.681807081807082,-1.1604395604395563
4.339320182800293,0.3171969176775775,-0.681807081807082,-0.8087912087912059
4.3549463748931885,0.30651560234989006,-0.6935286935286937,-1.3010989010988965
4.370893239974976,0.2954528114747852,-0.7013431013431015,-1.2307692307692264
4.3867480754852295,0.2843900205996803,-0.7091575091575093,-0.1758241758241752
4.402373552322388,0.27294575417715805,-0.7169719169719171,-0.38681318681318544
4.418582439422607,0.2615014877546358,-0.7404151404151404,-0.7384615384615358
4.434523820877075,0.2500572213321135,-0.7365079365079366,-1.0197802197802162
4.450047969818115,0.23823147936217204,-0.7326007326007327,-0.24615384615384528
4.9721763134002686,0.22678721293964976,-0.7286935286935288,-0.1758241758241752
4.987968921661377,0.04520485236896299,-0.009768009768009733,0.31648351648351536
5.003828525543213,0.0455863279163804,-0.021489621489621413,0.7384615384615358
5.019764184951782,0.0455863279163804,-0.009768009768009733,0.1758241758241752
5.035754203796387,0.0455863279163804,-0.021489621489621413,0.24615384615384528
5.05163836479187,0.0455863279163804,-0.0019536019536019467,0.38681318681318544
5.067256212234497,0.0455863279163804,0.0019536019536019467,0.5274725274725256
5.083295106887817,0.0455863279163804,0.0019536019536019467,0.4571428571428555
5.099472761154175,0.0455863279163804,-0.0019536019536019467,-0.6681318681318658
5.115122079849243,0.0455863279163804,-0.009768009768009733,-0.5274725274725256
5.1308393478393555,0.0455863279163804,-0.009768009768009733,-0.10549450549450512
5.146904468536377,0.0455863279163804,0.0019536019536019467,-0.6681318681318658
5.162830114364624,0.0455863279163804,-0.00586080586080584,0.24615384615384528
5.178866624832153,0.0455863279163804,-0.0019536019536019467,-0.5978021978021957
5.194966793060303,0.0455863279163804,0.009768009768009733,-0.10549450549450512
5.210695266723633,0.0455863279163804,0.0019536019536019467,0.4571428571428555
5.226527214050293,0.0455863279163804,0.0019536019536019467,0.5274725274725256
5.2421486377716064,0.0455863279163804,-0.009768009768009733,0.5978021978021957
5.258073568344116,0.0455863279163804,-0.00586080586080584,1.3010989010988965
5.2743752002716064,0.0455863279163804,-0.01758241758241752,1.9340659340659272
5.290327548980713,0.0455863279163804,-0.009768009768009733,2.0747252747252674
5.3059773445129395,0.0455863279163804,-0.00586080586080584,2.0747252747252674
5.321829557418823,0.0455863279163804,-0.01758241758241752,2.496703296703288
5.337430000305176,0.0455863279163804,-0.00586080586080584,2.9890109890109784
5.353074550628662,0.0455863279163804,0.009768009768009733,3.1999999999999886
5.3686909675598145,0.0455863279163804,-0.00586080586080584,3.621978021978009
5.384937524795532,0.0455863279163804,-0.0019536019536019467,3.9032967032966894
5.401146173477173,0.04596780346379781,0.08009768009767981,4.114285714285728
5.416994571685791,0.047493705653467444,0.11526251526251485,4.114285714285728
5.432616472244263,0.05016403448538931,0.2051282051282044,4.325274725274738
5.448455095291138,0.0539787899595634,0.2637362637362646,4.184615384615398
5.463660717010498,0.05893797207598972,0.32625152625152687,4.114285714285728
5.4797022342681885,0.06427862973983345,0.38876678876678916,4.043956043956058
5.495898246765137,0.07114518959334681,0.4708180708180709,3.481318681318669
5.511835813522339,0.07953765163652982,0.5216117216117215,4.536263736263749
5.5276939868927,0.08831158922713023,0.5919413919413916,4.325274725274738
5.543325185775757,0.09861142900740028,0.6583638583638578,3.410989010988999
5.558938503265381,0.10929274433508773,0.7013431013431006,5.028571428571439
5.575187683105469,0.12073701075761001,0.7599511599511608,4.043956043956058
5.591030597686768,0.1333257038223845,0.8068376068376075,4.606593406593419
5.606661558151245,0.14629587243457642,0.8341880341880348,4.114285714285728
5.622087717056274,0.16002899214160315,0.8771672771672776,3.340659340659329
5.637925863265991,0.17376211184862989,0.935775335775336,4.043956043956058
5.653554916381836,0.18863965819790884,0.9592185592185594,3.9032967032966894
5.6691789627075195,0.2038986800946052,0.9592185592185594,3.692307692307679
5.684901237487793,0.219539177538719,1.006105006105006,3.7626373626373493
5.7009899616241455,0.23556115053025017,1.0256410256410255,3.8329670329670193
5.716909646987915,0.25196459906920055,1.0373626373626372,3.410989010988999
5.732938528060913,0.26874952315556655,1.0608058608058606,3.692307692307679
5.748576402664185,0.28553444724193255,1.049084249084249,2.778021978021968
5.76438045501709,0.30231937132829856,1.0568986568986567,3.1296703296703186
5.780409336090088,0.31834134431982974,1.0373626373626372,3.1999999999999886
5.796416997909546,0.33512626840619575,1.0412698412698411,2.9186813186813083
5.812060356140137,0.35152971694514434,1.006105006105006,1.793406593406587
5.827686548233032,0.36755168993667553,0.9826617826617827,2.2857142857142776
5.8437395095825195,0.3828107118333719,0.9553113553113555,1.9340659340659272
5.8593831062316895,0.39806973373006826,0.9084249084249088,1.8637362637362571
5.875060081481934,0.411802853437095,0.8771672771672776,1.5120879120879067
5.890892505645752,0.4255359731441217,0.8107448107448114,1.793406593406587
5.906510353088379,0.4377431906614788,0.7716727716727725,1.4417582417582366
5.922147750854492,0.4491874570840011,0.6935286935286928,0.5978021978021957
5.937780141830444,0.45986877241168855,0.6349206349206344,1.5824175824175768
5.953415393829346,0.4694056610971238,0.5880341880341877,0.7384615384615358
5.969048738479614,0.4777981231403068,0.5020757020757021,0.6681318681318658
5.985396146774292,0.48504615854123756,0.40439560439560474,-0.10549450549450512
6.001263856887817,0.4911497672999161,0.3536019536019541,0.6681318681318658
6.017461776733398,0.49649042496375984,0.26764346764346847,0.879120879120876
6.033987522125244,0.5003051804379339,0.21684981684981608,0.4571428571428555
6.049836158752441,0.5029755092698558,0.11916971916971875,0.7384615384615358
6.065614461898804,0.5045014114595254,0.08009768009767981,0.5274725274725256
6.081841707229614,0.5048828870069428,-0.03711843711843699,0.6681318681318658
6.097676038742065,0.5048828870069428,0.0019536019536019467,0.8087912087912059
6.113115072250366,0.5045014114595254,-0.00586080586080584,0.8087912087912059
6.12895131111145,0.5048828870069428,0.00586080586080584,0.5978021978021957
6.144587278366089,0.5045014114595254,-0.013675213675213627,0.7384615384615358
6.160787582397461,0.5045014114595254,-0.009768009768009733,0.5274725274725256
6.176826477050781,0.5045014114595254,-0.009768009768009733,0.6681318681318658
6.1927947998046875,0.5045014114595254,-0.00586080586080584,0.24615384615384528
6.208309173583984,0.5045014114595254,-0.0019536019536019467,0.10549450549450512
6.223978519439697,0.5045014114595254,-0.009768009768009733,0.24615384615384528
6.239549398422241,0.5045014114595254,-0.00586080586080584,-0.03516483516483504
6.255159616470337,0.5045014114595254,0.0019536019536019467,0.5978021978021957
6.2710936069488525,0.5045014114595254,-0.013675213675213627,-0.24615384615384528
6.287154912948608,0.5045014114595254,-0.0019536019536019467,0.31648351648351536
6.303021192550659,0.5045014114595254,0.009768009768009733,-0.24615384615384528
6.318642616271973,0.5045014114595254,0.0019536019536019467,0.24615384615384528
6.334266662597656,0.5045014114595254,-0.01758241758241752,-0.10549450549450512
6.350096225738525,0.5045014114595254,-0.013675213675213627,-0.38681318681318544
6.3657402992248535,0.5045014114595254,0.0019536019536019467,-0.31648351648351536
6.3819968700408936,0.5045014114595254,-0.009768009768009733,-0.5274725274725256
6.397855997085571,0.5045014114595254,0.0019536019536019467,-0.5274725274725256
6.4134461879730225,0.5045014114595254,-0.00586080586080584,-0.879120879120876
6.42889928817749,0.5045014114595254,-0.00586080586080584,-1.0197802197802162
6.444742679595947,0.5045014114595254,0.01758241758241752,-0.9494505494505461
6.460392236709595,0.5045014114595254,-0.013675213675213627,-0.7384615384615358
6.476370573043823,0.5045014114595254,-0.009768009768009733,-1.0197802197802162
6.492370367050171,0.5045014114595254,-0.013675213675213627,-0.8087912087912059
6.507852554321289,0.5045014114595254,0.0019536019536019467,-1.1604395604395563
6.52355432510376,0.5045014114595254,-0.021489621489621413,-1.0197802197802162
6.539723873138428,0.5045014114595254,0.009768009768009733,-1.3714285714285666
6.557020425796509,0.5045014114595254,-0.0019536019536019467,-1.5120879120879067
6.573334693908691,0.5045014114595254,0.00586080586080584,-1.9340659340659272
6.58906102180481,0.5045014114595254,0.00586080586080584,-1.723076923076917
6.604886770248413,0.5045014114595254,0.00586080586080584,-2.0043956043955973
6.620332956314087,0.5045014114595254,0.00586080586080584,-1.9340659340659272
6.636183738708496,0.5045014114595254,-0.00586080586080584,-2.0747252747252674
6.651801824569702,0.5045014114595254,-0.021489621489621413,-2.0747252747252674
6.6673877239227295,0.5029755092698558,-0.11916971916971875,-1.9340659340659272
6.683575630187988,0.5010681315327687,-0.16214896214896246,-2.1450549450549374
6.699443578720093,0.49763485160601206,-0.23638583638583643,-1.723076923076917
6.715048551559448,0.49343862058442056,-0.3067155067155065,-1.5824175824175768
6.730472087860107,0.48809796292057683,-0.33406593406593377,-1.6527472527472469
6.746095657348633,0.4823758297093157,-0.4122100122100125,-2.2857142857142776
6.761723279953003,0.4751277943083849,-0.4708180708180709,-2.3560439560439477
6.777791738510132,0.46711680781261933,-0.5294261294261293,-2.4263736263736178
6.793428897857666,0.4583428702220189,-0.5880341880341877,-1.5824175824175768
6.809055328369141,0.4488059815365837,-0.6231990231990228,-1.723076923076917
6.8246824741363525,0.43850614175631364,-0.6778998778998782,-1.9340659340659272
6.840312719345093,0.4274433508812088,-0.7326007326007327,-2.2153846153846075
6.855937957763672,0.4156176089112691,-0.7716727716727716,-2.2153846153846075
6.871551752090454,0.403410391393912,-0.8029304029304027,-1.3714285714285666
6.887575626373291,0.3908216983291375,-0.865445665445665,-2.496703296703288
6.903221845626831,0.37670710307469335,-0.8810744810744815,-1.9340659340659272
6.9191834926605225,0.3625925078202492,-0.9045177045177049,-2.1450549450549374
6.935045480728149,0.34771496147097025,-0.935775335775336,-1.3010989010988965
7.458802700042725,0.3324559395742739,-0.9592185592185594,-2.0043956043955973
7.474405765533447,0.006675822079804661,-0.013675213675213627,1.3714285714285666
7.49026894569397,0.006675822079804661,0.009768009768009733,0.31648351648351536
7.506145715713501,0.006675822079804661,-0.0019536019536019467,0.5978021978021957
7.522356033325195,0.006675822079804661,0.0019536019536019467,0.24615384615384528
7.538240909576416,0.006675822079804661,0.00586080586080584,0.38681318681318544
7.553850412368774,0.006675822079804661,-0.009768009768009733,0.7384615384615358
7.570032835006714,0.006675822079804661,0.00586080586080584,0.24615384615384528
7.586246967315674,0.006675822079804661,0.009768009768009733,0.38681318681318544
7.601946592330933,0.006675822079804661,0.00586080586080584,0.24615384615384528
7.617804050445557,0.006675822079804661,0.009768009768009733,-0.03516483516483504
7.6335530281066895,0.006675822079804661,0.00586080586080584,0.1758241758241752
7.649724960327148,0.006675822079804661,-0.0019536019536019467,-0.03516483516483504
7.665939569473267,0.006675822079804661,-0.0019536019536019467,0.10549450549450512
7.682196855545044,0.006675822079804661,0.00586080586080584,0.10549450549450512
7.698398590087891,0.006675822079804661,-0.0019536019536019467,0.4571428571428555
7.714252710342407,0.006675822079804661,-0.00586080586080584,0.6681318681318658
7.730368614196777,0.006675822079804661,-0.0019536019536019467,1.2307692307692264
7.746335029602051,0.006675822079804661,0.013675213675213627,1.4417582417582366
7.762468099594116,0.006675822079804661,-0.009768009768009733,1.8637362637362571
7.778258562088013,0.006675822079804661,-0.00586080586080584,2.2153846153846075
7.793947696685791,0.006675822079804661,-0.009768009768009733,2.496703296703288
7.809641599655151,0.006675822079804661,-0.013675213675213627,2.9186813186813083
7.825279712677002,0.00705729762722207,0.0019536019536019467,3.2703296703296587
7.8409059047698975,0.00705729762722207,-0.009768009768009733,3.621978021978009
7.856532096862793,0.00705729762722207,0.00586080586080584,3.9736263736263595
7.87254524230957,0.00705729762722207,-0.0019536019536019467,4.254945054945068
7.888773441314697,0.00705729762722207,-0.00586080586080584,4.536263736263749
7.904898643493652,0.00705729762722207,-0.00586080586080584,4.747252747252759
7.920773506164551,0.00705729762722207,0.009768009768009733,5.028571428571439
7.93660831451416,0.00705729762722207,0.01758241758241752,5.239560439560449
7.952657699584961,0.007438773174639479,0.07619047619047592,5.3802197802197895
7.968899250030518,0.009346150911726525,0.17387057387057325,5.3098901098901194
7.98488450050354,0.012779430838483208,0.23638583638583555,5.028571428571439
8.000749349594116,0.017357137407492118,0.357509157509158,4.606593406593419
8.01674509048462,0.023842221713588074,0.4122100122100125,5.80219780219781
8.032610177993774,0.03147173266193626,0.505982905982906,4.325274725274738
8.048348188400269,0.04062714579995408,0.6114774114774111,5.239560439560449
8.06385087966919,0.05054551003280672,0.685714285714285,5.52087912087913
8.08011531829834,0.06198977645532899,0.7716727716727725,3.692307692307679
8.096172332763672,0.0745784695201035,0.8498168498168504,5.098901098901109
8.112324953079224,0.08869306477454764,0.900610500610501,5.098901098901109
8.128180503845215,0.1035706111238266,0.9435897435897438,5.45054945054946
8.14377474784851,0.11921110856794037,1.01001221001221,5.098901098901109
8.159227132797241,0.13523308155947156,1.0568986568986567,3.9736263736263595
8.175356388092041,0.15201800564583756,1.0959706959706956,4.958241758241769
8.191655158996582,0.1703288319218732,1.154578754578754,3.8329670329670193
8.207664966583252,0.18902113374532625,1.1506715506715501,3.8329670329670193
8.223693370819092,0.2080949111161967,1.2131868131868124,4.325274725274738
8.239726781845093,0.227931639581902,1.232722832722832,2.9186813186813083
8.255592584609985,0.24776836804760727,1.228815628815628,3.551648351648339
8.271203517913818,0.2676050965133143,1.2522588522588531,3.410989010988999
8.287145137786865,0.2870603494316022,1.2405372405372397,2.8483516483516382
8.307979106903076,0.30689707789730747,1.2483516483516475,3.0593406593406485
8.323885202407837,0.3328374151216913,1.228815628815628,2.567032967032958
8.33947491645813,0.35191119249256175,1.189743589743589,1.0197802197802162
8.355389833450317,0.3702220187685974,1.1623931623931618,2.496703296703288
8.371319770812988,0.38853284504463304,1.119413919413919,1.0901098901098862
8.387247085571289,0.40569924467841645,1.0647130647130645,1.2307692307692264
8.403139114379883,0.42248416876478245,1.0021978021978022,1.2307692307692264
8.419060230255127,0.4377431906614788,0.9240537240537243,1.1604395604395563
8.435352802276611,0.45223926146334037,0.8654456654456659,0.31648351648351536
8.451200485229492,0.4659723811703671,0.7990231990231997,0.9494505494505461
8.466837406158447,0.4777981231403068,0.7052503052503045,0.6681318681318658
8.482820987701416,0.48847943846799424,0.6466422466422461,0.5274725274725256
8.498670101165771,0.49763485160601206,0.5489621489621488,0.31648351648351536
8.514554023742676,0.5056458381017777,0.45128205128205146,0.38681318681318544
8.530517101287842,0.512512397955291,0.3770451770451775,0.5274725274725256
8.546429634094238,0.5174715800717173,0.28717948717948794,-0.31648351648351536
8.562357425689697,0.5216678110933088,0.2012210012210005,0.6681318681318658
8.578841924667358,0.5243381399252307,0.11916971916971875,0.5978021978021957
8.594695091247559,0.5258640421149003,0.04884004884004867,0.5274725274725256
8.610530376434326,0.5254825665674829,-0.00586080586080584,0.1758241758241752
8.625927925109863,0.5258640421149003,-0.01758241758241752,0.6681318681318658
8.641689777374268,0.5258640421149003,0.00586080586080584,0.31648351648351536
8.657562494277954,0.5258640421149003,0.0019536019536019467,0.24615384615384528
8.67355990409851,0.5258640421149003,-0.009768009768009733,0.1758241758241752
8.689692974090576,0.5258640421149003,-0.0019536019536019467,0.1758241758241752
8.705601215362549,0.5258640421149003,-0.00586080586080584,0.10549450549450512
8.721486806869507,0.5258640421149003,-0.01758241758241752,0.5274725274725256
8.737353563308716,0.5258640421149003,-0.00586080586080584,0.03516483516483504
8.753278732299805,0.5258640421149003,-0.00586080586080584,0.10549450549450512
8.769124507904053,0.5258640421149003,-0.00586080586080584,-0.03516483516483504
8.785066843032837,0.5258640421149003,0.00586080586080584,-0.31648351648351536
8.801395893096924,0.5258640421149003,-0.0019536019536019467,0.03516483516483504
8.817224025726318,0.5258640421149003,0.0019536019536019467,-0.4571428571428555
8.832665920257568,0.5258640421149003,0.0019536019536019467,-0.1758241758241752
8.848629236221313,0.5258640421149003,-0.01758241758241752,-0.24615384615384528
8.864595890045166,0.5258640421149003,-0.0019536019536019467,-0.38681318681318544
8.880651235580444,0.5254825665674829,-0.0019536019536019467,-0.7384615384615358
8.896442413330078,0.5258640421149003,-0.00586080586080584,-0.8087912087912059
8.912080526351929,0.5258640421149003,0.0019536019536019467,-1.1604395604395563
8.927706956863403,0.5254825665674829,-0.00586080586080584,-0.9494505494505461
8.943337202072144,0.5258640421149003,0.0019536019536019467,-1.0197802197802162
8.959162950515747,0.5258640421149003,0.00586080586080584,-0.9494505494505461
8.975095987319946,0.5254825665674829,-0.00586080586080584,-1.1604395604395563
8.991049528121948,0.5258640421149003,0.013675213675213627,-1.1604395604395563
9.007276058197021,0.5254825665674829,-0.0019536019536019467,-1.1604395604395563
9.02324652671814,0.5254825665674829,0.009768009768009733,-1.6527472527472469
9.040528059005737,0.5254825665674829,-0.009768009768009733,-1.6527472527472469
9.056395053863525,0.5254825665674829,-0.00586080586080584,-1.8637362637362571
9.072026014328003,0.5254825665674829,-0.013675213675213627,-1.793406593406587
9.088050603866577,0.5251010910200655,-0.07228327228327203,-1.9340659340659272
9.103915691375732,0.5235751888303959,-0.11135531135531096,-2.1450549450549374
9.119827508926392,0.5212863355458914,-0.2012210012210014,-2.2153846153846075
9.13584041595459,0.5178530556191348,-0.24810744810744811,-2.0043956043955973
9.151684999465942,0.5136568245975432,-0.29499389499389483,-1.3010989010988965
9.16731071472168,0.5083161669336995,-0.34969474969474934,-1.723076923076917
9.183504104614258,0.5025940337224384,-0.40830280830280863,-2.2857142857142776
9.199769496917725,0.495727473868925,-0.45128205128205146,-1.3714285714285666
9.215418338775635,0.4877164873731594,-0.5294261294261293,-1.723076923076917
9.23131275177002,0.4793240253299764,-0.5606837606837605,-1.0197802197802162
9.247176170349121,0.4697871366445412,-0.5997557997557994,-1.0197802197802162
9.263086080551147,0.45986877241168855,-0.6505494505494509,-0.24615384615384528
9.279304504394531,0.4488059815365837,-0.6896214896214898,-1.1604395604395563
9.295400619506836,0.4373617151140614,-0.7443223443223443,-2.0747252747252674
9.311254501342773,0.4251544975967043,-0.7873015873015872,-2.0747252747252674
9.32755446434021,0.4125658045319298,-0.8068376068376066,-2.2857142857142776
9.343408107757568,0.3988326848249031,-0.8537240537240534,-0.31648351648351536
9.359000205993652,0.38509956511787635,-0.8810744810744815,-2.0043956043955973
9.374647378921509,0.3713664454108496,-0.8888888888888893,-1.3010989010988965
9.390372276306152,0.3568703746089881,-0.9318681318681321,-0.7384615384615358
9.406238794326782,0.3419928282597091,-0.9592185592185594,-0.9494505494505461
9.422173976898193,0.32673380636301275,-0.9748473748473749,-1.5824175824175768
9.438044548034668,0.31109330891889897,-1.0021978021978022,-1.2307692307692264
9.962153911590576,0.2950713359273678,-1.0139194139194139,-1.4417582417582366
9.97778058052063,0.008964675364309116,0.01758241758241752,1.2307692307692264
9.994132280349731,0.008583199816891707,0.013675213675213627,0.5274725274725256
10.010128736495972,0.008583199816891707,0.01758241758241752,0.8087912087912059
10.026233434677124,0.008583199816891707,-0.0019536019536019467,0.6681318681318658
10.042198419570923,0.008583199816891707,-0.013675213675213627,0.5978021978021957
10.058286666870117,0.008583199816891707,-0.025396825396825307,0.1758241758241752
10.074232578277588,0.008583199816891707,-0.013675213675213627,0.7384615384615358
10.090348482131958,0.008583199816891707,-0.013675213675213627,-0.03516483516483504
10.106216430664062,0.008964675364309116,0.0019536019536019467,0.4571428571428555
10.122020959854126,0.008964675364309116,-0.0019536019536019467,0.5978021978021957
10.137886047363281,0.008964675364309116,-0.00586080586080584,0.5274725274725256
10.15354323387146,0.008583199816891707,-0.013675213675213627,0.24615384615384528
10.169381618499756,0.008964675364309116,0.00586080586080584,0.1758241758241752
10.185418844223022,0.008964675364309116,-0.00586080586080584,0.9494505494505461
10.201579332351685,0.008964675364309116,0.0019536019536019467,0.03516483516483504
10.217547416687012,0.008964675364309116,-0.00586080586080584,0.8087912087912059
10.233568668365479,0.008964675364309116,0.0019536019536019467,1.3010989010988965
10.249545812606812,0.008964675364309116,0.0019536019536019467,1.4417582417582366
10.265392303466797,0.008964675364309116,-0.013675213675213627,1.6527472527472469
10.281720161437988,0.008964675364309116,-0.009768009768009733,2.0043956043955973
10.297941207885742,0.008964675364309116,0.013675213675213627,2.496703296703288
10.314001560211182,0.008964675364309116,0.009768009768009733,2.9890109890109784
10.329950094223022,0.008964675364309116,-0.0019536019536019467,3.0593406593406485
10.34622073173523,0.008964675364309116,-0.00586080586080584,3.481318681318669
10.362081050872803,0.008964675364309116,-0.0019536019536019467,3.7626373626373493
10.377974271774292,0.008964675364309116,-0.00586080586080584,4.184615384615398
10.394158363342285,0.008964675364309116,-0.0019536019536019467,4.606593406593419
10.410313367843628,0.008964675364309116,0.009768009768009733,4.817582417582429
10.426166534423828,0.008964675364309116,0.03711843711843699,4.606593406593419
10.442128658294678,0.010109102006561344,0.10354090354090317,4.817582417582429
10.45809268951416,0.012779430838483208,0.1973137973137966,5.169230769230779
10.474023818969727,0.01697566186007471,0.2989010989010996,4.887912087912099
10.490038633346558,0.022697795071335847,0.39658119658119695,4.817582417582429
10.5058753490448,0.029182879377431803,0.4395604395604398,5.3098901098901194
10.521756410598755,0.037193865873197396,0.5528693528693527,5.80219780219781
10.537679672241211,0.046730754558632626,0.6231990231990228,5.45054945054946
10.55351996421814,0.057030594338902674,0.6974358974358967,3.2703296703296587
10.56922960281372,0.06885633630884236,0.7833943833943842,3.7626373626373493
10.585196256637573,0.08144502937361686,0.8341880341880348,4.395604395604408
10.601279735565186,0.09517814908064359,0.8771672771672776,4.887912087912099
10.617324113845825,0.11005569542992255,0.9435897435897438,4.747252747252759
10.633488416671753,0.12569619287403633,0.9865689865689866,4.536263736263749
10.64938497543335,0.14209964141298492,1.045177045177045,3.9736263736263595
10.665015935897827,0.15888456549935093,1.0920634920634917,4.254945054945068
10.681025505065918,0.17643244068055175,1.1311355311355307,3.340659340659329
10.697048425674438,0.19436179140916998,1.1702075702075696,3.410989010988999
10.712742567062378,0.21305409323262303,1.1819291819291813,3.1999999999999886
10.728917837142944,0.2321278706034935,1.2092796092796085,3.621978021978009
10.744784355163574,0.25158312352178314,1.2210012210012202,3.1999999999999886
10.76094102859497,0.271038376440071,1.224908424908424,3.1999999999999886
10.776801109313965,0.2908751049057763,1.2170940170940163,3.1296703296703186
10.792932271957397,0.31033035782406415,1.2210012210012202,2.8483516483516382
10.808790922164917,0.329785610742352,1.1975579975579969,3.0593406593406485
10.824788808822632,0.34847791256580507,1.193650793650793,2.496703296703288
10.840972185134888,0.3671702143892581,1.1467643467643462,2.496703296703288
10.857198476791382,0.38548104066529376,1.1037851037851034,1.9340659340659272
10.873027086257935,0.4030289158464946,1.0647130647130645,2.0043956043955973
10.888967514038086,0.4194323643854432,0.9982905982905983,1.5824175824175768
10.904815673828125,0.43507286182955696,0.9553113553113555,1.5120879120879067
10.920512437820435,0.4495689326314185,0.8654456654456659,1.3714285714285666
10.936587572097778,0.4629205767910278,0.8146520146520153,1.1604395604395563
10.952216386795044,0.4751277943083849,0.7326007326007318,0.9494505494505461
10.968223810195923,0.4861905851834898,0.6427350427350422,0.9494505494505461
10.983852624893188,0.4961089494163424,0.5606837606837605,-0.31648351648351536
10.99985957145691,0.504119935912108,0.4786324786324787,0.24615384615384528
11.015488147735596,0.5113679713130388,0.4122100122100125,0.10549450549450512
11.031115055084229,0.5170901045242999,0.3184371184371191,0.7384615384615358
11.047027587890625,0.5212863355458914,0.24810744810744723,0.7384615384615358
11.062380075454712,0.5247196154726481,0.15824175824175768,-0.03516483516483504
11.078083038330078,0.5262455176623178,0.07619047619047592,0.31648351648351536
11.09395694732666,0.52738994430457,0.025396825396825307,0.24615384615384528
11.109816551208496,0.5270084687571526,-0.01758241758241752,0.38681318681318544
11.12543511390686,0.52738994430457,-0.0019536019536019467,0.4571428571428555
11.141680717468262,0.52738994430457,0.021489621489621413,0.10549450549450512
11.157905340194702,0.52738994430457,0.01758241758241752,0.24615384615384528
11.173739671707153,0.52738994430457,0.0019536019536019467,0.38681318681318544
11.18995213508606,0.52738994430457,-0.00586080586080584,0.1758241758241752
11.206018447875977,0.52738994430457,0.00586080586080584,-0.03516483516483504
11.221844673156738,0.52738994430457,0.01758241758241752,-0.1758241758241752
11.237294435501099,0.52738994430457,-0.00586080586080584,0.7384615384615358
11.253145217895508,0.52738994430457,-0.0019536019536019467,0.879120879120876
11.269336223602295,0.52738994430457,-0.0019536019536019467,0.38681318681318544
11.285075426101685,0.52738994430457,0.009768009768009733,-0.03516483516483504
11.30072283744812,0.52738994430457,0.0019536019536019467,0.4571428571428555
11.316633462905884,0.52738994430457,-0.0019536019536019467,-0.4571428571428555
11.332836627960205,0.52738994430457,-0.00586080586080584,-1.0197802197802162
11.348859310150146,0.52738994430457,-0.0019536019536019467,0.1758241758241752
11.365102529525757,0.52738994430457,-0.01758241758241752,-0.38681318681318544
11.380938291549683,0.52738994430457,0.009768009768009733,-0.10549450549450512
11.39717411994934,0.52738994430457,0.00586080586080584,-1.3714285714285666
11.413309097290039,0.52738994430457,-0.00586080586080584,-0.7384615384615358
11.428954124450684,0.52738994430457,-0.0019536019536019467,-0.38681318681318544
11.444669008255005,0.52738994430457,0.0019536019536019467,-1.1604395604395563
11.46042537689209,0.52738994430457,0.00586080586080584,-0.4571428571428555
11.476051092147827,0.52738994430457,0.0019536019536019467,-1.2307692307692264
11.491949558258057,0.52738994430457,0.013675213675213627,-2.1450549450549374
11.507785320281982,0.52738994430457,-0.0019536019536019467,-1.4417582417582366
11.523224115371704,0.52738994430457,0.0019536019536019467,-1.5824175824175768
11.539161682128906,0.52738994430457,0.0019536019536019467,-1.9340659340659272
11.554839134216309,0.52738994430457,-0.0019536019536019467,-1.723076923076917
11.571121215820312,0.52738994430457,0.0019536019536019467,-1.793406593406587
11.58698058128357,0.52738994430457,0.00586080586080584,-2.2153846153846075
11.603065490722656,0.52738994430457,-0.009768009768009733,-2.0747252747252674
11.618937730789185,0.52738994430457,-0.0019536019536019467,-2.2857142857142776
11.6345534324646,0.5270084687571526,-0.025396825396825307,-2.2153846153846075
11.650256633758545,0.5262455176623178,-0.060561660561660347,-2.2857142857142776
11.66580057144165,0.5243381399252307,-0.1465201465201469,-2.637362637362628
11.68165373802185,0.5216678110933088,-0.22075702075702086,-2.0747252747252674
11.69767427444458,0.5174715800717173,-0.27936507936507926,-2.3560439560439477
11.71283745765686,0.512512397955291,-0.34578754578754545,-2.567032967032958
11.728665351867676,0.5064087891966125,-0.40830280830280863,-1.1604395604395563
11.744375944137573,0.4995422293430991,-0.4864468864468865,-1.5120879120879067
11.76000165939331,0.4915312428473335,-0.5372405372405371,-2.8483516483516382
11.776084899902344,0.4827573052567331,-0.5958485958485955,-2.496703296703288
11.79201078414917,0.47283894102388047,-0.6427350427350431,-2.707692307692298
11.807640314102173,0.4617761501487756,-0.7052503052503054,-2.1450549450549374
11.823266744613647,0.45071335927367073,-0.7638583638583638,-2.4263736263736178
11.838892698287964,0.43850614175631364,-0.8068376068376066,-1.8637362637362571
11.85451865196228,0.42591744869153914,-0.8341880341880339,-2.637362637362628
11.870144605636597,0.4121843289845124,-0.865445665445665,-1.6527472527472469
11.88611125946045,0.3984512092774857,-0.9162393162393165,-1.9340659340659272
11.901753902435303,0.3835736629282067,-0.9748473748473749,-1.1604395604395563
11.917492866516113,0.36831464103151035,-0.9865689865689866,-1.6527472527472469
11.933135509490967,0.35267414358739657,-1.0139194139194139,-1.4417582417582366
12.453123092651367,0.3366521705958654,-1.045177045177045,-0.9494505494505461
12.468749046325684,-0.0017166399633783413,-0.0019536019536019467,0.5978021978021957
12.48477840423584,-0.0017166399633783413,0.00586080586080584,0.31648351648351536
12.500803709030151,-0.0017166399633783413,0.00586080586080584,0.5978021978021957
12.516441345214844,-0.0017166399633783413,-0.00586080586080584,0.879120879120876
12.532806158065796,-0.0017166399633783413,0.0019536019536019467,0.6681318681318658
12.548443794250488,-0.0017166399633783413,0.0019536019536019467,0.5274725274725256
12.564069747924805,-0.0017166399633783413,0.0019536019536019467,0.4571428571428555
12.58009934425354,-0.0017166399633783413,0.00586080586080584,0.7384615384615358
12.595851182937622,-0.0017166399633783413,0.013675213675213627,-0.03516483516483504
12.611488580703735,-0.0017166399633783413,0.0019536019536019467,0.5274725274725256
12.627114534378052,-0.0017166399633783413,-0.01758241758241752,0.24615384615384528
12.642740488052368,-0.0017166399633783413,0.013675213675213627,0.7384615384615358
12.658711671829224,-0.0017166399633783413,-0.0019536019536019467,0.5274725274725256
12.674349069595337,-0.0017166399633783413,0.00586080586080584,0.38681318681318544
12.690376281738281,-0.0017166399633783413,0.0019536019536019467,1.0901098901098862
12.706013202667236,-0.0017166399633783413,-0.00586080586080584,0.7384615384615358
12.721639394760132,-0.0017166399633783413,-0.013675213675213627,1.2307692307692264
12.737265586853027,-0.0017166399633783413,-0.0019536019536019467,1.5824175824175768
12.752892017364502,-0.0017166399633783413,-0.0019536019536019467,1.8637362637362571
12.768853902816772,-0.0017166399633783413,-0.013675213675213627,2.4263736263736178
12.784629583358765,-0.0017166399633783413,-0.0019536019536019467,2.567032967032958
12.800358295440674,-0.0017166399633783413,-0.01758241758241752,2.9890109890109784
12.815995693206787,-0.0017166399633783413,0.0019536019536019467,3.410989010988999
12.831621646881104,-0.0017166399633783413,-0.013675213675213627,3.692307692307679
12.847247838973999,-0.0017166399633783413,0.00586080586080584,4.114285714285728
12.862933874130249,-0.0017166399633783413,0.01758241758241752,4.325274725274738
12.878571510314941,-0.0001907377737087046,0.12307692307692264,4.254945054945068
12.894598722457886,0.0020981155107957505,0.18949938949938883,4.676923076923089
12.910648584365845,0.005531395437552433,0.24810744810744723,3.8329670329670193
12.926285982131958,0.010872053101396162,0.34578754578754634,4.817582417582429
12.941911935806274,0.0165941863126573,0.4161172161172164,4.395604395604408
12.95757532119751,0.023842221713588074,0.5020757020757021,5.52087912087913
12.973598003387451,0.032234683756771076,0.5802197802197799,5.028571428571439
12.989263534545898,0.042534523537041125,0.6466422466422461,4.184615384615398
13.004900932312012,0.05321583886472858,0.7169719169719162,3.9736263736263595
13.020841121673584,0.06504158083466827,0.7951159951159958,4.4659340659340785
13.03646445274353,0.07801174944686018,0.8380952380952387,4.817582417582429
13.051780223846436,0.09174486915388691,0.8967032967032971,3.9032967032966894
13.067405700683594,0.10585946440833105,0.9474969474969477,4.254945054945068
13.083054780960083,0.12111848630502742,0.9865689865689866,4.254945054945068
13.099084377288818,0.1371404592965586,1.049084249084249,3.340659340659329
13.114713430404663,0.1539253833829246,1.0881562881562878,3.9736263736263595
13.130349397659302,0.17109178301670802,1.1115995115995112,3.621978021978009
13.146395444869995,0.18863965819790884,1.1389499389499385,3.692307692307679
13.161932468414307,0.2073319600213619,1.1623931623931618,3.692307692307679
13.177232265472412,0.22564278629739754,1.1702075702075696,2.9186813186813083
13.19324254989624,0.24357213702601577,1.1819291819291813,3.2703296703296587
13.208884716033936,0.2634088654917228,1.2131868131868124,3.2703296703296587
13.224761009216309,0.28171969176775846,1.1975579975579969,2.2153846153846075
13.240533351898193,0.3007934691386289,1.2131868131868124,2.8483516483516382
13.256110906600952,0.3198672465094994,1.1975579975579969,2.778021978021968
13.271713256835938,0.33855954833295243,1.1780219780219774,2.0747252747252674
13.287014961242676,0.3568703746089881,1.1741147741147735,2.0043956043955973
13.303051948547363,0.3744182497901889,1.115506715506715,1.8637362637362571
13.318695545196533,0.3923476005188071,1.0764346764346762,1.793406593406587
13.334647178649902,0.40913252460517313,1.0529914529914528,2.2857142857142776
13.350724935531616,0.4251544975967043,0.9787545787545788,1.6527472527472469
13.366373538970947,0.4407949950408181,0.9162393162393165,0.1758241758241752
13.381995677947998,0.45490959029526223,0.8771672771672776,0.6681318681318658
13.397647142410278,0.46787975890745415,0.791208791208792,0.6681318681318658
13.41336441040039,0.47970550087739383,0.7286935286935279,0.5978021978021957
13.429001808166504,0.4907682917524987,0.6427350427350422,0.6681318681318658
13.444707155227661,0.4999237048905165,0.5528693528693527,0.5978021978021957
13.460708379745483,0.5079346913862821,0.4825396825396826,0.1758241758241752
13.476527690887451,0.5151827267872129,0.39658119658119695,0.10549450549450512
13.492777824401855,0.5205233844510566,0.322344322344323,0.4571428571428555
13.50886082649231,0.5251010910200655,0.23247863247863165,-0.10549450549450512
13.524508953094482,0.5281528953994048,0.1504273504273499,0.24615384615384528
13.540244102478027,0.5296787975890744,0.060561660561660347,0.10549450549450512
13.55653190612793,0.5300602731364918,-0.0293040293040292,0.4571428571428555
13.57239818572998,0.5296787975890744,-0.03321123321123309,0.31648351648351536
13.588959455490112,0.5289158464942396,-0.009768009768009733,0.4571428571428555
13.60482907295227,0.529297322041657,0.01758241758241752,0.31648351648351536
13.620439052581787,0.529297322041657,-0.0019536019536019467,-0.10549450549450512
13.636099338531494,0.529297322041657,-0.00586080586080584,0.38681318681318544
13.652320623397827,0.529297322041657,-0.00586080586080584,0.38681318681318544
13.668489456176758,0.529297322041657,-0.0019536019536019467,0.8087912087912059
13.684538841247559,0.529297322041657,-0.009768009768009733,-0.1758241758241752
13.700584411621094,0.529297322041657,-0.013675213675213627,0.1758241758241752
13.716232061386108,0.529297322041657,-0.00586080586080584,-0.24615384615384528
13.731855392456055,0.529297322041657,0.00586080586080584,0.1758241758241752
13.747687101364136,0.529297322041657,-0.009768009768009733,0.5978021978021957
13.763327836990356,0.529297322041657,-0.0019536019536019467,0.1758241758241752
13.778940200805664,0.529297322041657,-0.00586080586080584,-0.31648351648351536
13.795047044754028,0.529297322041657,0.0019536019536019467,-0.10549450549450512
13.811204433441162,0.529297322041657,-0.009768009768009733,-0.03516483516483504
13.827496767044067,0.529297322041657,-0.009768009768009733,-0.7384615384615358
13.843473672866821,0.529297322041657,-0.0019536019536019467,-0.1758241758241752
13.859421253204346,0.529297322041657,-0.00586080586080584,-1.5120879120879067
13.874931573867798,0.529297322041657,-0.0019536019536019467,-1.3714285714285666
13.890166282653809,0.529297322041657,0.00586080586080584,-1.3714285714285666
13.906035423278809,0.529297322041657,-0.0019536019536019467,-0.9494505494505461
13.922219038009644,0.529297322041657,-0.00586080586080584,-0.6681318681318658
13.938051700592041,0.529297322041657,-0.00586080586080584,-1.0901098901098862
13.95370364189148,0.529297322041657,-0.0019536019536019467,-1.5120879120879067
13.969325304031372,0.529297322041657,0.00586080586080584,-1.4417582417582366
13.985490560531616,0.529297322041657,-0.0019536019536019467,-1.3714285714285666
14.001768827438354,0.529297322041657,-0.0019536019536019467,-1.5120879120879067
14.017968893051147,0.529297322041657,0.00586080586080584,-1.6527472527472469
14.03414797782898,0.529297322041657,-0.0019536019536019467,-1.793406593406587
14.049959897994995,0.529297322041657,-0.0019536019536019467,-1.793406593406587
14.065421342849731,0.529297322041657,0.0019536019536019467,-2.0747252747252674
14.08151125907898,0.529297322041657,-0.0019536019536019467,-2.1450549450549374
14.09778356552124,0.529297322041657,-0.0019536019536019467,-2.1450549450549374
14.11382508277893,0.529297322041657,-0.0019536019536019467,-2.2857142857142776
14.129453659057617,0.529297322041657,0.009768009768009733,-2.2857142857142776
14.145081996917725,0.529297322041657,-0.0019536019536019467,-2.637362637362628
14.160706520080566,0.529297322041657,-0.00586080586080584,-2.637362637362628
14.176331996917725,0.529297322041657,-0.0019536019536019467,-2.707692307692298
14.192341327667236,0.529297322041657,-0.0019536019536019467,-3.0593406593406485
14.207968950271606,0.529297322041657,0.009768009768009733,-2.9186813186813083
14.223596572875977,0.529297322041657,-0.00586080586080584,-2.8483516483516382
14.239659786224365,0.529297322041657,0.0019536019536019467,-3.0593406593406485
14.255316734313965,0.529297322041657,-0.0019536019536019467,-3.2703296703296587
14.27100682258606,0.529297322041657,0.0019536019536019467,-3.410989010988999
14.286895036697388,0.529297322041657,-0.00586080586080584,-3.410989010988999
14.30308985710144,0.5281528953994048,-0.09963369963369928,-3.410989010988999
14.31939697265625,0.5258640421149003,-0.20903540903540918,-3.0593406593406485
14.335259199142456,0.5216678110933088,-0.28717948717948705,-3.340659340659329
14.351261377334595,0.5163271534294651,-0.3731379731379727,-3.1296703296703186
14.367352724075317,0.5090791180285343,-0.4825396825396826,-2.8483516483516382
14.38361144065857,0.5006866559853513,-0.576312576312576,-3.551648351648339
14.39983582496643,0.4907682917524987,-0.6661782661782665,-3.481318681318669
14.415663957595825,0.4793240253299764,-0.7326007326007327,-2.707692307692298
14.936008214950562,0.46711680781261933,-0.8185592185592183,-3.1296703296703186
14.951629638671875,-0.01163500419623098,-0.24810744810744811,1.1604395604395563
14.967820405960083,-0.015068284122987663,-0.20903540903540918,1.0197802197802162
14.983971118927002,-0.018120088502326936,-0.15433455433455467,1.0197802197802162
15.000235080718994,-0.020027466239413982,-0.10354090354090317,1.1604395604395563
15.016432285308838,-0.02117189288166621,-0.07619047619047592,0.8087912087912059
15.032735586166382,-0.02155336842908362,-0.0293040293040292,0.879120879120876
15.048556566238403,-0.02155336842908362,-0.013675213675213627,0.879120879120876
15.064589500427246,-0.02155336842908362,0.009768009768009733,0.7384615384615358
15.080460548400879,-0.02155336842908362,0.009768009768009733,0.5274725274725256
15.096475839614868,-0.02155336842908362,0.01758241758241752,0.1758241758241752
15.11233139038086,-0.02155336842908362,-0.00586080586080584,1.0901098901098862
15.127963781356812,-0.02155336842908362,-0.00586080586080584,0.4571428571428555
15.143587112426758,-0.02155336842908362,-0.013675213675213627,0.5274725274725256
15.159332990646362,-0.02155336842908362,-0.01758241758241752,0.8087912087912059
15.174962043762207,-0.02155336842908362,0.00586080586080584,0.5274725274725256
15.190591812133789,-0.02155336842908362,-0.0019536019536019467,1.5120879120879067
15.206603765487671,-0.02155336842908362,0.00586080586080584,1.3714285714285666
15.222232103347778,-0.02155336842908362,-0.009768009768009733,1.793406593406587
15.237858295440674,-0.02155336842908362,0.0019536019536019467,1.9340659340659272
15.253484010696411,-0.02155336842908362,-0.0019536019536019467,2.3560439560439477
15.269124507904053,-0.02155336842908362,0.009768009768009733,2.707692307692298
15.285001754760742,-0.02155336842908362,0.0019536019536019467,3.1999999999999886
15.301222562789917,-0.02155336842908362,-0.013675213675213627,3.481318681318669
15.317416191101074,-0.02155336842908362,-0.00586080586080584,3.9032967032966894
15.333605766296387,-0.0207904173342488,0.0840048840048837,4.184615384615398
15.349755764007568,-0.018501564049744346,0.1504273504273499,4.606593406593419
15.36559796333313,-0.015449759670405072,0.23638583638583555,4.606593406593419
15.381454467773438,-0.011253528648813571,0.3145299145299152,4.676923076923089
15.397395610809326,-0.005531395437552433,0.357509157509158,4.606593406593419
15.41338038444519,0.0013351644159609322,0.45909645909645924,4.958241758241769
15.429362297058105,0.009346150911726525,0.5528693528693527,4.184615384615398
15.445512294769287,0.018883039597161755,0.6310134310134305,4.254945054945068
15.461679697036743,0.02994583047226662,0.7013431013431006,4.817582417582429
15.477580070495605,0.041771572442206306,0.7755799755799764,5.028571428571439
15.49374771118164,0.05474174105439822,0.8224664224664231,3.340659340659329
15.509636878967285,0.06885633630884236,0.9045177045177049,3.410989010988999
15.525218486785889,0.08373388265812132,0.9553113553113555,4.254945054945068
15.54120659828186,0.09899290455481768,1.0139194139194139,4.747252747252759
15.557483434677124,0.11539635309376628,1.0568986568986567,3.9736263736263595
15.573335409164429,0.1329442282749671,1.0998778998778995,4.254945054945068
15.589389085769653,0.15087357900358533,1.1311355311355307,2.707692307692298
15.605469465255737,0.16918440527962098,1.1780219780219774,4.184615384615398
15.620720148086548,0.18825818265049143,1.1858363858363852,2.9890109890109784
15.636803388595581,0.20656900892652708,1.2014652014652007,3.9736263736263595
15.652196645736694,0.22602426184481494,1.2210012210012202,3.2703296703296587
15.667904615402222,0.2450980392156854,1.260073260073261,3.340659340659329
15.68303394317627,0.26493476768139246,1.260073260073261,3.1296703296703186
15.699137210845947,0.2836270695048455,1.2522588522588531,2.9890109890109784
15.714959621429443,0.3038452735179682,1.2444444444444436,3.0593406593406485
15.730806112289429,0.3236820019836735,1.2170940170940163,2.0043956043955973
15.745961904525757,0.34313725490196134,1.2210012210012202,2.2153846153846075
15.762018203735352,0.361448081177997,1.1975579975579969,1.6527472527472469
15.778040170669556,0.38052185854886744,1.1780219780219774,1.5824175824175768
15.794277906417847,0.3995956359197379,1.1428571428571423,1.793406593406587
15.810219049453735,0.4171435111009387,1.0686202686202684,0.4571428571428555
15.82651686668396,0.43430991073472214,1.0256410256410255,1.4417582417582366
15.842376470565796,0.4503318837262533,0.9553113553113555,1.5120879120879067
15.858563661575317,0.4652094300755323,0.8771672771672776,1.6527472527472469
15.874418497085571,0.4793240253299764,0.8380952380952387,1.3010989010988965
15.890408515930176,0.4919127183947509,0.7443223443223435,0.879120879120876
15.906599044799805,0.5029755092698558,0.6700854700854695,-0.03516483516483504
15.922443389892578,0.5132753490501258,0.5802197802197799,-0.24615384615384528
15.938668012619019,0.5216678110933088,0.4981684981684982,0.31648351648351536
15.954712867736816,0.5289158464942396,0.40048840048840084,0.8087912087912059
15.970363140106201,0.5346379797055008,0.3184371184371191,0.38681318681318544
15.98598837852478,0.5388342107270923,0.23247863247863165,0.4571428571428555
16.001967668533325,0.5418860151064315,0.16214896214896157,0.5274725274725256
16.01815414428711,0.5434119172961012,0.08009768009767981,0.1758241758241752
16.034015417099,0.544174868390936,0.01758241758241752,0.38681318681318544
16.04966449737549,0.5437933928435186,-0.009768009768009733,0.10549450549450512
16.06526470184326,0.544174868390936,-0.013675213675213627,0.38681318681318544
16.08131742477417,0.544174868390936,0.0019536019536019467,1.0197802197802162
16.09727668762207,0.544174868390936,-0.01758241758241752,0.24615384615384528
16.11310386657715,0.544174868390936,-0.0019536019536019467,-0.4571428571428555
16.128859519958496,0.544174868390936,0.0019536019536019467,-0.31648351648351536
16.144998788833618,0.544174868390936,-0.009768009768009733,0.38681318681318544
16.160773038864136,0.544174868390936,-0.0019536019536019467,0.10549450549450512
16.176403284072876,0.544174868390936,-0.00586080586080584,0.5978021978021957
16.19242215156555,0.544174868390936,-0.0019536019536019467,0.03516483516483504
16.20843482017517,0.544174868390936,-0.00586080586080584,-0.8087912087912059
16.224064350128174,0.544174868390936,-0.013675213675213627,0.38681318681318544
16.23969030380249,0.544174868390936,-0.00586080586080584,0.10549450549450512
16.255316019058228,0.544174868390936,-0.009768009768009733,-0.879120879120876
16.270942211151123,0.544174868390936,-0.009768009768009733,-0.8087912087912059
16.28656792640686,0.544174868390936,0.009768009768009733,-0.38681318681318544
16.302582502365112,0.544174868390936,-0.00586080586080584,-0.03516483516483504
16.31821322441101,0.544174868390936,-0.0019536019536019467,-1.0197802197802162
16.333895206451416,0.544174868390936,0.009768009768009733,0.24615384615384528
16.349767446517944,0.544174868390936,-0.01758241758241752,-0.5978021978021957
16.365629196166992,0.544174868390936,-0.00586080586080584,-1.5120879120879067
16.381258726119995,0.5437933928435186,0.00586080586080584,-0.38681318681318544
16.39727020263672,0.5437933928435186,-0.0019536019536019467,-1.4417582417582366
16.413272619247437,0.5437933928435186,0.009768009768009733,-1.2307692307692264
16.42890238761902,0.5437933928435186,-0.0019536019536019467,-1.4417582417582366
16.444605112075806,0.5434119172961012,-0.08009768009767981,-1.0901098901098862
16.46059012413025,0.5418860151064315,-0.11135531135531096,-1.3010989010988965
16.47634768486023,0.5399786373693445,-0.16605616605616635,-1.1604395604395563
16.4920392036438,0.5369268329900052,-0.1934065934065936,-1.8637362637362571
16.50804853439331,0.5334935530632485,-0.24420024420024422,-1.4417582417582366
16.523677349090576,0.5289158464942396,-0.28717948717948705,-1.793406593406587
16.53930377960205,0.5243381399252307,-0.33797313797313766,-1.6527472527472469
16.555229425430298,0.5186160067139696,-0.3770451770451775,-1.1604395604395563
16.57112169265747,0.5121309224078736,-0.44346764346764367,-1.4417582417582366
16.586785316467285,0.5052643625543602,-0.46691086691086703,-1.5120879120879067
16.602664947509766,0.49763485160601206,-0.4942612942612943,-2.0747252747252674
16.61874508857727,0.48962386511024647,-0.5489621489621488,-1.2307692307692264
16.634774446487427,0.48046845197222865,-0.5919413919413916,-1.8637362637362571
16.650068283081055,0.4709315632867934,-0.6075702075702072,-1.3010989010988965
16.665201902389526,0.4610131990539408,-0.6661782661782665,-1.8637362637362571
16.680829524993896,0.45109483482108814,-0.6778998778998782,-1.723076923076917
16.696756839752197,0.4400320439459833,-0.7286935286935288,-1.723076923076917
16.712406635284424,0.4282063019760436,-0.7443223443223443,-1.6527472527472469
16.72841453552246,0.4163805600061039,-0.7599511599511599,-1.8637362637362571
16.744240283966064,0.4041733424887468,-0.7912087912087911,-1.9340659340659272
16.759868144989014,0.3912031738765549,-0.8341880341880339,-0.8087912087912059
16.77549433708191,0.378233005264363,-0.8341880341880339,-1.5120879120879067
16.791120290756226,0.3652628366521711,-0.8576312576312572,-1.5120879120879067
16.80712890625,0.35152971694514434,-0.8732600732600728,-0.8087912087912059
16.82317328453064,0.3374151216907002,-0.8849816849816854,-0.4571428571428555
16.839293003082275,0.32291905088883865,-0.9123321123321126,-1.5824175824175768
16.855292558670044,0.3084229800869771,-0.9201465201465204,-1.0901098901098862
16.871397733688354,0.29354543373769815,-0.9240537240537243,-0.03516483516483504
16.887599229812622,0.2786678873884192,-0.9435897435897438,-1.3714285714285666
16.903613328933716,0.26379034103914023,-0.9123321123321126,-1.0197802197802162
17.424185514450073,0.2489127946898595,-0.9240537240537243,-1.0901098901098862
17.43995451927185,0.0207904173342488,0.0019536019536019467,0.7384615384615358
17.455687761306763,0.0207904173342488,-0.013675213675213627,0.4571428571428555
17.471414804458618,0.0207904173342488,0.00586080586080584,0.31648351648351536
17.487045288085938,0.0207904173342488,-0.009768009768009733,0.1758241758241752
17.503056049346924,0.0207904173342488,0.00586080586080584,0.8087912087912059
17.51868510246277,0.0207904173342488,-0.0019536019536019467,0.03516483516483504
17.534311056137085,0.0207904173342488,-0.009768009768009733,0.38681318681318544
17.55034852027893,0.0207904173342488,-0.009768009768009733,-0.03516483516483504
17.56633758544922,0.0207904173342488,-0.009768009768009733,0.24615384615384528
17.58197569847107,0.0207904173342488,-0.009768009768009733,-0.1758241758241752
17.597887992858887,0.0207904173342488,0.0019536019536019467,-0.31648351648351536
17.614053964614868,0.0207904173342488,0.0019536019536019467,-0.03516483516483504
17.629979133605957,0.0207904173342488,0.009768009768009733,0.6681318681318658
17.64535665512085,0.0207904173342488,0.0019536019536019467,0.03516483516483504
17.66118049621582,0.0207904173342488,-0.0019536019536019467,0.38681318681318544
17.67680835723877,0.0207904173342488,0.00586080586080584,0.6681318681318658
17.692436456680298,0.0207904173342488,-0.009768009768009733,0.6681318681318658
17.708450078964233,0.0207904173342488,-0.00586080586080584,1.3714285714285666
17.724287509918213,0.0207904173342488,0.0019536019536019467,1.5120879120879067
17.740201950073242,0.0207904173342488,-0.009768009768009733,2.0043956043955973
17.756564617156982,0.0207904173342488,-0.009768009768009733,2.3560439560439477
17.77220392227173,0.0207904173342488,-0.009768009768009733,2.778021978021968
17.787830114364624,0.0207904173342488,-0.00586080586080584,3.1999999999999886
17.803860187530518,0.0207904173342488,-0.0019536019536019467,3.551648351648339
17.819705486297607,0.0207904173342488,-0.00586080586080584,3.9032967032966894
17.83551597595215,0.0207904173342488,-0.00586080586080584,4.043956043956058
17.85132932662964,0.0207904173342488,-0.0019536019536019467,4.676923076923089
17.867228746414185,0.0207904173342488,-0.009768009768009733,4.606593406593419
17.883098363876343,0.0207904173342488,-0.009768009768009733,4.887912087912099
17.899138927459717,0.0207904173342488,0.0019536019536019467,5.028571428571439
17.914893627166748,0.0207904173342488,-0.00586080586080584,5.3098901098901194
17.930948972702026,0.0207904173342488,-0.00586080586080584,5.3802197802197895
17.94632387161255,0.0207904173342488,0.0019536019536019467,5.52087912087913
17.961962461471558,0.02117189288166621,0.04102564102564088,5.239560439560449
17.97757887840271,0.022697795071335847,0.1543345543345538,5.028571428571439
17.994004249572754,0.02574959945067512,0.21684981684981608,5.73186813186814
18.009510278701782,0.03032730601968403,0.33406593406593466,5.45054945054946
18.025403022766113,0.03643091477836258,0.4200244200244203,5.80219780219781
18.041478157043457,0.04367895017929335,0.5020757020757021,4.817582417582429
18.057228565216064,0.05283436331731117,0.6075702075702072,4.325274725274738
18.072860717773438,0.06275272755016381,0.6778998778998773,5.3098901098901194
18.088484525680542,0.07419699397268609,0.7482295482295473,4.887912087912099
18.104496240615845,0.08640421149004318,0.8341880341880348,5.52087912087913
18.12055015563965,0.10051880674448732,0.8967032967032971,5.3098901098901194
18.136603832244873,0.11539635309376628,0.9279609279609282,5.098901098901109
18.152235746383667,0.13103685053788006,1.0021978021978022,5.028571428571439
18.16835927963257,0.14744029907682865,1.0608058608058606,5.169230769230779
18.18403434753418,0.16498817425802947,1.1076923076923073,3.0593406593406485
18.200039863586426,0.1825360494392303,1.1623931623931618,4.254945054945068
18.21615743637085,0.20160982681010076,1.1819291819291813,3.481318681318669
18.231879472732544,0.22068360418097122,1.2053724053724046,4.043956043956058
18.247626304626465,0.23975738155184168,1.228815628815628,2.496703296703288
18.263289213180542,0.2588311589227139,1.2170940170940163,2.9890109890109784
18.279255867004395,0.2782864118410018,1.224908424908424,3.481318681318669
18.295166969299316,0.29774166475928965,1.224908424908424,2.4263736263736178
18.311253786087036,0.3175783932249949,1.2131868131868124,2.1450549450549374
18.327248096466064,0.336270695048448,1.1975579975579969,2.3560439560439477
18.34328293800354,0.354962996871901,1.1623931623931618,2.0747252747252674
18.359284162521362,0.37289234760051926,1.0881562881562878,0.9494505494505461
18.375189065933228,0.39005874723430267,1.049084249084249,1.3714285714285666
18.390889883041382,0.40646219577325127,0.9865689865689866,1.2307692307692264
18.406728506088257,0.4213397421225302,0.9123321123321126,1.1604395604395563
18.422830820083618,0.43545433737697437,0.8654456654456659,1.3010989010988965
18.438908338546753,0.4488059815365837,0.7833943833943842,1.0197802197802162
18.455008268356323,0.46063172350652337,0.689621489621489,0.5274725274725256
18.47078227996826,0.47131303883421083,0.6231990231990228,0.8087912087912059
18.48665165901184,0.48084992751964606,0.5489621489621488,0.5978021978021957
18.502678394317627,0.48886091401541165,0.4708180708180709,-0.10549450549450512
18.51848840713501,0.495727473868925,0.3770451770451775,0.5274725274725256
18.53411626815796,0.5010681315327687,0.3067155067155074,0.5274725274725256
18.549742221832275,0.5052643625543602,0.22466422466422387,0.9494505494505461
18.56554341316223,0.5083161669336995,0.16214896214896157,0.6681318681318658
18.581276416778564,0.5102235446707866,0.08009768009767981,0.31648351648351536
18.59678053855896,0.5113679713130388,0.04493284493284477,0.4571428571428555
18.612771034240723,0.5113679713130388,-0.013675213675213627,0.5978021978021957
18.628674030303955,0.5113679713130388,-0.013675213675213627,0.9494505494505461
18.64466404914856,0.5113679713130388,0.009768009768009733,0.4571428571428555
18.66066813468933,0.5113679713130388,0.009768009768009733,0.24615384615384528
18.676619052886963,0.5113679713130388,-0.0019536019536019467,1.1604395604395563
18.69224786758423,0.5113679713130388,-0.0019536019536019467,-0.10549450549450512
18.708258628845215,0.5113679713130388,-0.009768009768009733,-0.10549450549450512
18.724287033081055,0.5113679713130388,-0.0019536019536019467,0.8087912087912059
18.739915370941162,0.5113679713130388,0.0019536019536019467,0.8087912087912059
18.755591869354248,0.5113679713130388,-0.009768009768009733,-0.8087912087912059
18.771294593811035,0.5113679713130388,-0.009768009768009733,-0.6681318681318658
18.78732705116272,0.5113679713130388,-0.0019536019536019467,-0.8087912087912059
18.803017377853394,0.5113679713130388,-0.009768009768009733,-0.6681318681318658
18.819085597991943,0.5113679713130388,0.00586080586080584,-1.0901098901098862
18.83473253250122,0.5113679713130388,-0.0019536019536019467,-0.4571428571428555
18.85051703453064,0.5113679713130388,-0.009768009768009733,-0.4571428571428555
18.86661148071289,0.5113679713130388,-0.0019536019536019467,-1.0197802197802162
18.88247323036194,0.5113679713130388,0.00586080586080584,-0.1758241758241752
18.89830231666565,0.5113679713130388,-0.00586080586080584,-0.9494505494505461
18.91399335861206,0.5113679713130388,-0.00586080586080584,-0.5978021978021957
18.930044889450073,0.5113679713130388,-0.0019536019536019467,-1.2307692307692264
18.9461088180542,0.5113679713130388,0.01758241758241752,-1.2307692307692264
18.962099075317383,0.5113679713130388,0.0019536019536019467,-1.0901098901098862
18.977815628051758,0.5113679713130388,-0.0019536019536019467,-0.9494505494505461
18.993616819381714,0.5113679713130388,-0.0019536019536019467,-1.3010989010988965
19.009475231170654,0.5113679713130388,-0.00586080586080584,-1.5120879120879067
19.025466203689575,0.510605020218204,-0.07619047619047592,-1.6527472527472469
19.041106700897217,0.5094605935759517,-0.09572649572649539,-1.3010989010988965
19.05688166618347,0.5071717402914473,-0.15042735042735078,-1.723076923076917
19.072510957717896,0.5045014114595254,-0.21684981684981697,-1.723076923076917
19.088136434555054,0.5006866559853513,-0.24810744810744811,-1.9340659340659272
19.10414743423462,0.49649042496375984,-0.29499389499389483,-1.8637362637362571
19.119775533676147,0.4911497672999161,-0.3653235653235649,-2.0043956043955973
19.135401487350464,0.48542763408865497,-0.40048840048840084,-2.2153846153846075
19.151326656341553,0.4785610742351416,-0.4708180708180709,-0.7384615384615358
19.166956186294556,0.4709315632867934,-0.4942612942612943,-1.8637362637362571
19.182592153549194,0.4629205767910278,-0.5372405372405371,-1.723076923076917
19.197909593582153,0.45376516365301,-0.5880341880341877,-2.0747252747252674
19.21406579017639,0.4446097505149922,-0.6310134310134314,-2.2857142857142776
19.229984998703003,0.43392843518730473,-0.6622710622710626,-0.5274725274725256
19.24564838409424,0.42324711985961727,-0.7013431013431015,-1.5120879120879067
19.261707067489624,0.4121843289845124,-0.7404151404151404,-1.723076923076917
19.277336835861206,0.3999771114671553,-0.7716727716727716,-1.4417582417582366
19.29313588142395,0.3873884184023808,-0.8068376068376066,-1.723076923076917
19.30914306640625,0.3747997253376063,-0.8224664224664222,-0.9494505494505461
19.32519030570984,0.361448081177997,-0.8576312576312572,-0.9494505494505461
19.3412024974823,0.34733348592355284,-0.8888888888888893,-0.38681318681318544
19.357266187667847,0.3332188906691087,-0.9045177045177049,-1.6527472527472469
19.373071432113647,0.31834134431982974,-0.9279609279609282,-1.6527472527472469
19.38870096206665,0.3034637979705508,-0.9318681318681321,-1.0901098901098862
19.908519744873047,0.28896772716868924,-0.9396825396825399,-0.879120879120876
19.9241623878479,0.01697566186007471,-0.00586080586080584,0.9494505494505461
19.939788103103638,0.01697566186007471,-0.0019536019536019467,0.31648351648351536
19.955414295196533,0.01697566186007471,-0.0019536019536019467,0.6681318681318658
19.971040964126587,0.01697566186007471,-0.0019536019536019467,0.1758241758241752
19.98698115348816,0.01697566186007471,0.00586080586080584,1.0197802197802162
20.003004789352417,0.01697566186007471,-0.0019536019536019467,0.5978021978021957
20.01864457130432,0.01697566186007471,-0.0019536019536019467,0.24615384615384528
20.034474849700928,0.01697566186007471,-0.00586080586080584,0.38681318681318544
20.050103664398193,0.01697566186007471,-0.0019536019536019467,0.1758241758241752
20.065932989120483,0.01697566186007471,0.00586080586080584,-0.10549450549450512
20.08194088935852,0.01697566186007471,0.00586080586080584,-0.10549450549450512
20.097654104232788,0.01697566186007471,0.0019536019536019467,0.5978021978021957
20.113731145858765,0.01697566186007471,-0.0019536019536019467,-0.03516483516483504
20.129420518875122,0.01697566186007471,-0.0019536019536019467,0.5978021978021957
20.145062923431396,0.01697566186007471,0.009768009768009733,1.0901098901098862
20.160866022109985,0.01697566186007471,-0.00586080586080584,0.879120879120876
20.17650866508484,0.01697566186007471,-0.009768009768009733,1.0197802197802162
20.19261121749878,0.01697566186007471,-0.00586080586080584,1.3714285714285666
20.208290100097656,0.01697566186007471,-0.0019536019536019467,1.5824175824175768
20.224351406097412,0.01697566186007471,-0.00586080586080584,2.1450549450549374
20.240307569503784,0.01697566186007471,-0.00586080586080584,2.4263736263736178
20.25623083114624,0.01697566186007471,0.0019536019536019467,2.778021978021968
20.27185893058777,0.01697566186007471,0.009768009768009733,3.1296703296703186
20.287485122680664,0.01697566186007471,-0.0019536019536019467,3.551648351648339
20.30350112915039,0.01697566186007471,-0.0019536019536019467,3.9032967032966894
20.319129467010498,0.01697566186007471,0.0019536019536019467,4.114285714285728
20.334755182266235,0.017738612954909527,0.09963369963369928,4.254945054945068
20.35038113594055,0.019645990691996573,0.13479853479853432,3.9736263736263595
20.366008281707764,0.022697795071335847,0.22857142857142776,4.606593406593419
20.381991386413574,0.02651255054550994,0.3067155067155074,4.395604395604408
20.397619247436523,0.032234683756771076,0.3692307692307697,4.395604395604408
20.41362690925598,0.03871976806286703,0.44346764346764367,4.114285714285728
20.42967462539673,0.046349279011215216,0.5216117216117215,5.169230769230779
20.44531798362732,0.05550469214923304,0.6036630036630033,4.184615384615398
20.4609477519989,0.06542305638208568,0.689621489621489,5.169230769230779
20.476962566375732,0.07648584725719054,0.724786324786324,5.028571428571439
20.492685317993164,0.08831158922713023,0.7755799755799764,4.184615384615398
20.508435010910034,0.10128175783932214,0.8302808302808309,4.395604395604408
20.524465322494507,0.11463340199893146,0.8967032967032971,4.043956043956058
20.540587902069092,0.12951094834821042,0.935775335775336,3.9032967032966894
20.556338787078857,0.1451514457923242,0.9865689865689866,3.8329670329670193
20.57158327102661,0.16079194323643797,1.0139194139194139,3.8329670329670193
20.587360620498657,0.17643244068055175,1.0373626373626372,3.0593406593406485
20.60318946838379,0.19321736476691775,1.0647130647130645,3.9736263736263595
20.619081497192383,0.21076523994811858,1.1076923076923073,3.340659340659329
20.63480043411255,0.2283131151293194,1.1233211233211229,3.8329670329670193
20.650879383087158,0.24624246585793763,1.1272283272283268,3.481318681318669
20.666507959365845,0.26455329213397505,1.1311355311355307,3.1999999999999886
20.68213415145874,0.2824826428625933,1.158485958485958,2.8483516483516382
20.697760343551636,0.3004119935912115,1.1506715506715501,1.5824175824175768
20.713701248168945,0.31834134431982974,1.1233211233211229,2.2153846153846075
20.72937560081482,0.336270695048448,1.115506715506715,2.496703296703288
20.745004177093506,0.3538185702296488,1.08034188034188,2.707692307692298
20.76016855239868,0.3706034943160148,1.0686202686202684,1.6527472527472469
20.776256799697876,0.386625467307546,1.0412698412698411,1.3010989010988965
20.79188561439514,0.4030289158464946,0.9943833943833944,0.6681318681318658
20.80735445022583,0.41828793774319095,0.9396825396825399,1.723076923076917
20.82323718070984,0.4324025329976351,0.8927960927960932,1.8637362637362571
20.83925175666809,0.4461356527046618,0.8146520146520153,1.0901098901098862
20.85492515563965,0.4587243457694363,0.7638583638583647,1.3010989010988965
20.87061333656311,0.4701686121919586,0.689621489621489,0.31648351648351536
20.886380910873413,0.48046845197222865,0.6075702075702072,1.3010989010988965
20.902134656906128,0.48962386511024647,0.5450549450549449,-0.31648351648351536
20.917762517929077,0.49725337605859465,0.44737484737484756,-0.03516483516483504
20.93338894844055,0.504119935912108,0.3692307692307697,-0.03516483516483504
20.94923448562622,0.5094605935759517,0.3028083028083035,0.6681318681318658
20.96486234664917,0.5136568245975432,0.23247863247863165,0.5274725274725256
20.980489015579224,0.5167086289768825,0.1387057387057382,0.5274725274725256
20.99611496925354,0.5182345311665522,0.08009768009767981,0.5978021978021957
21.012125253677368,0.518997482261387,-0.021489621489621413,0.5274725274725256
21.027753829956055,0.5186160067139696,0.025396825396825307,0.6681318681318658
21.04338026046753,0.5186160067139696,0.0019536019536019467,0.6681318681318658
21.059005975723267,0.5186160067139696,-0.009768009768009733,0.5274725274725256
21.07465887069702,0.5186160067139696,-0.009768009768009733,0.4571428571428555
21.090710401535034,0.5186160067139696,-0.009768009768009733,0.38681318681318544
21.106716632843018,0.5186160067139696,-0.0019536019536019467,0.38681318681318544
21.12234377861023,0.5186160067139696,0.00586080586080584,0.24615384615384528
21.137970209121704,0.5186160067139696,-0.0019536019536019467,0.38681318681318544
21.1535964012146,0.5186160067139696,-0.0019536019536019467,0.1758241758241752
21.169223070144653,0.5186160067139696,0.00586080586080584,0.38681318681318544
21.185168743133545,0.5186160067139696,-0.0019536019536019467,0.10549450549450512
21.200300216674805,0.5186160067139696,-0.00586080586080584,0.10549450549450512
21.216121912002563,0.5186160067139696,0.0019536019536019467,-0.24615384615384528
21.23195743560791,0.5186160067139696,-0.009768009768009733,-0.4571428571428555
21.247945070266724,0.5186160067139696,-0.0019536019536019467,-0.4571428571428555
21.26364016532898,0.5186160067139696,-0.00586080586080584,-0.24615384615384528
21.279315948486328,0.5186160067139696,-0.009768009768009733,-0.31648351648351536
21.29496431350708,0.5186160067139696,0.0019536019536019467,-0.38681318681318544
21.31067180633545,0.5186160067139696,-0.0019536019536019467,-0.24615384615384528
21.326395988464355,0.5186160067139696,-0.00586080586080584,-0.38681318681318544
21.342038869857788,0.5186160067139696,0.009768009768009733,-0.7384615384615358
21.35767936706543,0.5186160067139696,-0.00586080586080584,-1.1604395604395563
21.373308420181274,0.5186160067139696,-0.00586080586080584,-0.9494505494505461
21.38893413543701,0.5186160067139696,0.0019536019536019467,-0.7384615384615358
21.40494656562805,0.5186160067139696,-0.009768009768009733,-0.879120879120876
21.42057514190674,0.5186160067139696,-0.0019536019536019467,-1.0901098901098862
21.436262845993042,0.5186160067139696,0.01758241758241752,-1.6527472527472469
21.45188879966736,0.5186160067139696,0.00586080586080584,-1.4417582417582366
21.467514991760254,0.5186160067139696,0.009768009768009733,-1.4417582417582366
21.48314094543457,0.5186160067139696,-0.013675213675213627,-1.723076923076917
21.498767137527466,0.5186160067139696,0.009768009768009733,-1.793406593406587
21.5147762298584,0.5186160067139696,-0.009768009768009733,-1.8637362637362571
21.530871391296387,0.5186160067139696,-0.00586080586080584,-1.9340659340659272
21.54671597480774,0.5186160067139696,0.0019536019536019467,-2.1450549450549374
21.562467098236084,0.5186160067139696,-0.0019536019536019467,-2.1450549450549374
21.578092575073242,0.5186160067139696,0.0019536019536019467,-2.0043956043955973
21.593772649765015,0.5186160067139696,0.009768009768009733,-2.3560439560439477
21.609782695770264,0.5186160067139696,0.009768009768009733,-2.4263736263736178
21.625496864318848,0.5186160067139696,-0.0019536019536019467,-2.567032967032958
21.64146065711975,0.5186160067139696,-0.009768009768009733,-2.707692307692298
21.657090663909912,0.5186160067139696,-0.03711843711843699,-2.707692307692298
21.67271614074707,0.5170901045242999,-0.12307692307692264,-2.707692307692298
21.688342332839966,0.5144197756923781,-0.1973137973137975,-2.9186813186813083
21.704354286193848,0.5109864957656214,-0.27545787545787537,-2.4263736263736178
21.719982862472534,0.5056458381017777,-0.3575091575091571,-2.637362637362628
21.735609531402588,0.4995422293430991,-0.4278388278388281,-1.8637362637362571
21.751502513885498,0.49229419394216833,-0.505982905982906,-2.8483516483516382
21.767131567001343,0.48390173189898533,-0.5724053724053721,-2.637362637362628
21.78286099433899,0.4743648432135501,-0.6427350427350431,-2.9186813186813083
21.798588514328003,0.46368352788586265,-0.7052503052503054,-2.2153846153846075
21.814625024795532,0.45223926146334037,-0.7716727716727716,-2.637362637362628
21.830471754074097,0.43965056839856587,-0.8068376068376066,-1.9340659340659272
21.846263647079468,0.42629892423895654,-0.8693528693528689,-1.8637362637362571
21.86203646659851,0.411802853437095,-0.9162393162393165,-2.496703296703288
22.383299350738525,0.39692530708781604,-0.9592185592185594,-2.2153846153846075
22.399035453796387,-0.00705729762722207,-0.04884004884004867,1.2307692307692264
22.415067672729492,-0.007438773174639479,-0.01758241758241752,0.6681318681318658
22.430710315704346,-0.007438773174639479,0.0293040293040292,0.7384615384615358
22.44644021987915,-0.007820248722056888,0.009768009768009733,0.38681318681318544
22.462414503097534,-0.007820248722056888,-0.01758241758241752,0.6681318681318658
22.47848343849182,-0.007438773174639479,-0.021489621489621413,0.7384615384615358
22.494126081466675,-0.007438773174639479,-0.025396825396825307,0.5978021978021957
22.510159492492676,-0.007438773174639479,-0.009768009768009733,0.6681318681318658
22.525801181793213,-0.007438773174639479,0.0019536019536019467,0.4571428571428555
22.54182481765747,-0.007438773174639479,0.013675213675213627,0.5274725274725256
22.557453632354736,-0.007438773174639479,0.013675213675213627,0.31648351648351536
22.573079586029053,-0.007438773174639479,0.013675213675213627,0.38681318681318544
22.58870577812195,-0.007438773174639479,0.0019536019536019467,0.38681318681318544
22.60471749305725,-0.007438773174639479,0.00586080586080584,0.8087912087912059
22.62034583091736,-0.007438773174639479,-0.00586080586080584,0.8087912087912059
22.635971546173096,-0.007438773174639479,-0.013675213675213627,1.0901098901098862
22.65159797668457,-0.007438773174639479,-0.013675213675213627,1.4417582417582366
22.667223930358887,-0.007438773174639479,-0.021489621489621413,1.6527472527472469
22.682901620864868,-0.007438773174639479,-0.009768009768009733,2.1450549450549374
22.69860339164734,-0.007438773174639479,-0.009768009768009733,2.1450549450549374
22.714511156082153,-0.007438773174639479,0.00586080586080584,2.707692307692298
22.730459451675415,-0.007438773174639479,-0.0019536019536019467,3.1296703296703186
22.74610185623169,-0.007438773174639479,-0.0019536019536019467,3.2703296703296587
22.761727809906006,-0.007438773174639479,0.0019536019536019467,3.8329670329670193
22.77735471725464,-0.007438773174639479,-0.009768009768009733,4.254945054945068
22.792975902557373,-0.007438773174639479,0.013675213675213627,4.325274725274738
22.808717727661133,-0.006294346532387252,0.09963369963369928,4.536263736263749
22.824372053146362,-0.0040054932478827965,0.1543345543345538,4.4659340659340785
22.840253591537476,-0.0005722133211261138,0.2637362637362646,5.028571428571439
22.855982303619385,0.0040054932478827965,0.33015873015873076,4.676923076923089
22.872029781341553,0.010490577553978753,0.40830280830280863,4.325274725274738
22.888009071350098,0.017738612954909527,0.4981684981684982,5.3098901098901194
22.904045343399048,0.02651255054550994,0.5919413919413916,5.239560439560449
22.920156478881836,0.03643091477836258,0.6583638583638578,5.028571428571439
22.935837745666504,0.04787518120088485,0.7286935286935279,4.676923076923089
22.95163655281067,0.06008239871824195,0.8146520146520153,5.169230769230779
22.96731448173523,0.07343404287785127,0.8576312576312581,4.887912087912099
22.98295545578003,0.08678568703746059,0.9045177045177049,3.9736263736263595
22.998584508895874,0.10128175783932214,0.9670329670329672,4.395604395604408
23.01461696624756,0.11692225528343592,1.0139194139194139,4.536263736263749
23.030258417129517,0.13370717936980192,1.0686202686202684,3.692307692307679
23.04588484764099,0.15049210345616792,1.1115995115995112,4.4659340659340785
23.061511754989624,0.16803997863736875,1.1272283272283268,4.043956043956058
23.077489852905273,0.18596932936598698,1.1467643467643462,3.1296703296703186
23.093137502670288,0.20466163118944003,1.1819291819291813,2.707692307692298
23.10917329788208,0.22335393301289308,1.2053724053724046,2.778021978021968
23.124815225601196,0.24242771038376354,1.2170940170940163,3.621978021978009
23.14048433303833,0.2618829633020532,1.228815628815628,3.692307692307679
23.156152725219727,0.28133821622034105,1.2522588522588531,3.551648351648339
23.171863555908203,0.3007934691386289,1.2444444444444436,2.1450549450549374
23.187621355056763,0.3202487220569168,1.2053724053724046,2.778021978021968
23.203728437423706,0.33932249942778725,1.2053724053724046,2.496703296703288
23.219480514526367,0.3583962767986577,1.1702075702075696,2.3560439560439477
23.23512291908264,0.37670710307469335,1.1350427350427346,1.8637362637362571
23.250749111175537,0.3946364538033116,1.1076923076923073,1.8637362637362571
23.266622304916382,0.4110399023422602,1.0725274725274723,1.8637362637362571
23.282576322555542,0.4278248264286262,1.0139194139194139,1.5824175824175768
23.298219203948975,0.44346532387273996,0.9474969474969477,1.3010989010988965
23.31425142288208,0.4579613946746015,0.8654456654456659,0.879120879120876
23.329893112182617,0.47131303883421083,0.7951159951159958,0.879120879120876
23.345519542694092,0.4831387808041505,0.7404151404151396,1.1604395604395563
23.361395359039307,0.4942015716792554,0.65054945054945,-0.10549450549450512
23.377033710479736,0.5037384603646906,0.5802197802197799,-0.31648351648351536
23.392659902572632,0.5121309224078736,0.4981684981684982,-0.03516483516483504
23.408781051635742,0.518997482261387,0.40439560439560474,0.10549450549450512
23.424423217773438,0.5247196154726481,0.3184371184371191,0.9494505494505461
23.440351724624634,0.5289158464942396,0.24029304029303944,0.4571428571428555
23.456189155578613,0.5319676508735789,0.146520146520146,0.38681318681318544
23.471831798553467,0.5338750286106659,0.04884004884004867,0.31648351648351536
23.487457752227783,0.5342565041580833,0.03711843711843699,0.5274725274725256
23.50286626815796,0.5342565041580833,-0.0293040293040292,0.38681318681318544
23.518508911132812,0.5338750286106659,-0.0019536019536019467,-0.1758241758241752
23.53413486480713,0.5338750286106659,0.00586080586080584,0.1758241758241752
23.549760818481445,0.5338750286106659,-0.009768009768009733,1.0901098901098862
23.565383195877075,0.5338750286106659,-0.009768009768009733,0.5274725274725256
23.581000089645386,0.5338750286106659,0.00586080586080584,0.879120879120876
23.596635103225708,0.5338750286106659,-0.00586080586080584,0.38681318681318544
23.612654209136963,0.5338750286106659,-0.021489621489621413,0.5978021978021957
23.628284215927124,0.5338750286106659,0.00586080586080584,-0.38681318681318544
23.643909692764282,0.5338750286106659,-0.013675213675213627,-0.24615384615384528
23.659535884857178,0.5338750286106659,0.0019536019536019467,0.6681318681318658
23.67516255378723,0.5338750286106659,-0.00586080586080584,-0.4571428571428555
23.690788745880127,0.5338750286106659,-0.013675213675213627,-0.879120879120876
23.70680069923401,0.5338750286106659,-0.00586080586080584,-0.9494505494505461
23.722429990768433,0.5338750286106659,0.0019536019536019467,-1.0197802197802162
23.73827862739563,0.5338750286106659,-0.0019536019536019467,0.10549450549450512
23.75435972213745,0.5338750286106659,-0.00586080586080584,-0.5274725274725256
23.770132303237915,0.5338750286106659,-0.0019536019536019467,-0.38681318681318544
23.785792350769043,0.5338750286106659,0.009768009768009733,-1.0197802197802162
23.801532983779907,0.5338750286106659,-0.009768009768009733,-0.4571428571428555
23.817559480667114,0.5338750286106659,-0.0019536019536019467,-0.9494505494505461
23.833470344543457,0.5338750286106659,-0.009768009768009733,-1.4417582417582366
23.849108457565308,0.5338750286106659,-0.013675213675213627,-0.4571428571428555
23.864734888076782,0.5338750286106659,0.0019536019536019467,-1.3010989010988965
23.880492687225342,0.5338750286106659,0.0019536019536019467,-1.1604395604395563
23.89613437652588,0.5338750286106659,-0.009768009768009733,-1.5120879120879067
23.912094116210938,0.5338750286106659,-0.00586080586080584,-1.4417582417582366
23.927736043930054,0.5338750286106659,0.00586080586080584,-1.723076923076917
23.943357944488525,0.5338750286106659,-0.013675213675213627,-1.723076923076917
23.95903778076172,0.5338750286106659,-0.00586080586080584,-1.723076923076917
23.97467613220215,0.5338750286106659,-0.0019536019536019467,-1.793406593406587
23.990381717681885,0.5338750286106659,0.00586080586080584,-1.9340659340659272
24.006409645080566,0.5338750286106659,0.0019536019536019467,-2.0747252747252674
24.022053003311157,0.5338750286106659,-0.00586080586080584,-2.2153846153846075
24.037678718566895,0.5338750286106659,-0.01758241758241752,-2.496703296703288
24.053722143173218,0.5338750286106659,0.00586080586080584,-2.496703296703288
24.069570064544678,0.5338750286106659,-0.0019536019536019467,-2.637362637362628
24.08535885810852,0.5338750286106659,0.00586080586080584,-2.707692307692298
24.10128951072693,0.5338750286106659,0.0019536019536019467,-2.9186813186813083
24.1173152923584,0.5338750286106659,-0.00586080586080584,-2.778021978021968
24.13336753845215,0.5338750286106659,-0.0019536019536019467,-2.9890109890109784
24.149485111236572,0.5334935530632485,-0.060561660561660347,-3.1296703296703186
24.165595769882202,0.5315861753261615,-0.16996336996337025,-3.0593406593406485
24.18150568008423,0.5281528953994048,-0.23638583638583643,-3.2703296703296587
24.197296857833862,0.5239566643778133,-0.326251526251526,-2.637362637362628
24.213086366653442,0.5178530556191348,-0.4122100122100125,-3.1999999999999886
24.228938102722168,0.5109864957656214,-0.4786324786324787,-3.1999999999999886
24.24457550048828,0.5025940337224384,-0.5645909645909644,-2.707692307692298
24.26020622253418,0.49305714503700315,-0.6310134310134314,-2.778021978021968
24.275956869125366,0.4827573052567331,-0.6935286935286937,-3.2703296703296587
24.291595697402954,0.47131303883421083,-0.7833943833943833,-2.2857142857142776
24.30762529373169,0.4583428702220189,-0.83028083028083,-2.9186813186813083
24.323262691497803,0.4446097505149922,-0.8927960927960932,-2.9890109890109784
24.338892698287964,0.4297322041657132,-0.9474969474969477,-2.0747252747252674
